10
3
Zwrd Soda Uxetpizoqf Fqfsrwt Hbdrggkt Tmklkounaf Chjlttpafun Ajdzgzhy Cmycprpi Oaxss 
Ajdzgzhy Oaxss Zwrd 
Soda
x 2.0449 5.2566 4.1161 3.4663 2.3031 4.1337 3.6573 4.7374 3.5218 
2.0449 x 7.21 3.8364 2.5743 4.273 4.7386 5.248 6.7486 5.5234 
5.2566 7.21 x 6.7952 7.3091 3.8511 5.1825 2.6496 0.8538 1.7816 
4.1161 3.8364 6.7952 x 1.4692 5.9457 1.883 4.1513 6.7893 5.7568 
3.4663 2.5743 7.3091 1.4692 x 5.6257 3.0608 4.7841 7.133 5.9779 
2.3031 4.273 3.8511 5.9457 5.6257 x 5.2978 3.5744 3.1012 2.1487 
4.1337 4.7386 5.1825 1.883 3.0608 5.2978 x 2.567 5.3311 4.4807 
3.6573 5.248 2.6496 4.1513 4.7841 3.5744 2.567 x 2.7689 2.06 
4.7374 6.7486 0.8538 6.7893 7.133 3.1012 5.3311 2.7689 x 1.2275 
3.5218 5.5234 1.7816 5.7568 5.9779 2.1487 4.4807 2.06 1.2275 x 
