100
50
Udpmhybdab Gpmh Vboejrojcgv Ezflntp Bgrqtzpiv Tcwhx Zxaxzqhble Czfzgyblcrj Oargeik Kjzkpvmmw Nkutb Ghefriw Ftlx Sjuyiz Trcp Iobfo Jqrnf Grqjnlsmpxd Zaftmkij Otywezepd Cpxtcjztsl Uueogrl Wqaege Rkdelg Pwns Ugdhps Bhkvtfsebbn Nscgovxumw Kkrvalhhbrl Glozelyfjv Ucjfxyrmb Pthwcsas Zjfuyjpb Pouz Wrww Zyxfqfgrle Jbnvbtr Tlqcbj Ljzlhm Qkvpwpygqh Amcuajvfjg Isqprxtxrgd Wfzmtjjui Ivigz Bykm Shbqbtabml Hbichcjhxgh Sjnflwuiud Lhvcxj Thpunpeeb Llkclgu Tdmwckxy Ebxbpfw Wsqnbfx Vmgwbiwsy Jstcbjksin Mcildsa Idxypdhu Wrxezvc Ghudho Jfnj Owrnmfut Gddwwyvgpc Woefkhkovx Zkkyyutjlc Fbmiwmazh Xqptn Bgfwukuv Wqbhxbavuz Rxend Cvycesjaa Opcsqenstpn Qpxach Znkkehtnfnz Ujlcasq Ogzsokbe Ksflnm Tqboo Uxznqv Syqbxer Jjtlzjzenxz Narmzsum Kaeaqogm Bmdwnmzzl Iugsk Ncyvledcpd Ejyh Zxzhz Qgqeazssfnq Bebpkd Emmxyr Gizl Btiddf Soda Jslavvk Ntndav Rebxxu Ctwmgqgblqd Jbbtbftym Zagjskxtzgl 
Cvycesjaa Cpxtcjztsl Jjtlzjzenxz Zxaxzqhble Zkkyyutjlc Uxznqv Ncyvledcpd Qkvpwpygqh Jbbtbftym Vmgwbiwsy Ujlcasq Opcsqenstpn Amcuajvfjg Czfzgyblcrj Ctwmgqgblqd Rebxxu Jstcbjksin Jslavvk Ugdhps Bgrqtzpiv Gddwwyvgpc Otywezepd Grqjnlsmpxd Wqaege Soda Tqboo Jbnvbtr Jfnj Wqbhxbavuz Gpmh Bgfwukuv Ksflnm Ftlx Nkutb Sjuyiz Ezflntp Shbqbtabml Pthwcsas Emmxyr Xqptn Llkclgu Tcwhx Tdmwckxy Ntndav Bebpkd Pwns Iugsk Zaftmkij Qgqeazssfnq Glozelyfjv 
Soda
x 9.1067 4.731 2.8503 3.8654 6.2451 8.4122 7.5856 4.0125 5.8049 5.814 3.2491 6.8909 8.6675 5.2862 2.3365 6.3848 5.9798 3.4415 4.7938 9.0151 8.8861 4.7424 0.7796 7.3819 4.9545 2.8485 9.893 7.9089 4.2013 8.4062 4.0838 7.838 3.9498 2.6345 0.4843 10.0203 6.6224 9.7025 2.8265 4.9135 10.5551 3.8659 0.4098 9.2624 6.1467 2.7919 7.6879 8.5622 4.1467 8.9672 8.2897 8.376 5.8914 2.2158 9.4271 9.2497 0.5593 2.3394 5.9714 5.2216 2.3797 4.5283 6.1895 5.151 8.9831 10.0995 9.1868 6.7561 4.2115 5.5287 4.7494 7.2955 5.819 10.6582 7.6958 3.6574 4.8749 9.8094 8.2733 5.2104 6.7051 3.717 4.965 9.0129 6.8408 3.7871 8.151 6.5632 6.6392 7.0233 11.4168 4.4818 7.4874 10.4641 9.2394 1.1646 4.7422 9.2359 6.7268 
9.1067 x 10.985 7.2418 8.6046 5.8941 3.9476 2.7149 5.1534 6.8075 6.0957 10.6911 3.851 10.6855 10.1445 10.2805 5.6561 3.2397 5.7264 9.1713 7.264 7.1235 4.7089 8.7907 6.5933 11.9026 6.5786 10.0094 2.8522 4.9094 10.8209 9.6717 9.8484 9.1389 6.7115 9.576 9.8838 7.7688 7.1926 6.7891 7.6359 8.7918 8.7074 8.697 4.896 4.8409 6.5963 8.248 8.2056 10.2874 2.8142 1.097 6.3854 9.5534 10.1432 10.2192 1.8663 9.4662 6.7724 3.444 3.9427 8.3007 10.4604 10.5002 4.0074 6.2112 6.5855 9.4936 2.7793 4.9947 6.0482 11.6517 6.4124 11.263 9.3328 10.9915 5.6819 11.0003 9.3167 3.5729 7.6093 4.6609 9.4667 4.152 5.0496 2.3085 9.3786 2.0742 6.2251 11.7945 10.3223 9.1972 11.6381 4.4688 7.7918 10.2105 9.9059 5.7647 7.0199 10.3221 
4.731 10.985 x 4.0426 2.3805 5.6672 8.4869 8.5623 7.0708 4.713 5.2763 1.6412 7.4543 4.9042 1.4196 2.5227 5.9232 7.8596 6.6881 2.0401 7.2338 7.1762 6.3881 5.4848 6.034 1.0365 6.7282 6.7336 8.6863 6.9541 4.5186 1.3138 4.4002 1.8462 4.9726 4.5481 6.9524 4.5746 8.0276 4.6459 3.5611 8.1651 2.2777 4.8263 8.7913 6.3912 6.6483 5.2511 6.1994 0.7427 9.5671 9.9263 7.0826 2.5225 2.5991 6.0628 10.288 5.1159 5.7474 7.5648 7.9461 7.0431 0.5331 2.0872 7.877 7.7924 8.8003 6.1677 8.2083 6.3929 5.1816 0.8445 6.0773 1.174 8.0091 3.5731 7.1474 0.1661 6.9983 8.5705 3.7204 6.8056 1.5632 7.577 8.4582 9.179 1.6279 9.2805 5.6364 1.9588 3.1675 9.008 1.0828 7.4456 8.5825 5.8419 3.7736 5.2261 7.609 2.8265 
2.8503 7.2418 4.0426 x 1.9126 3.398 5.7325 5.1895 3.0526 2.9892 2.9641 3.4548 4.2975 6.4273 3.7604 3.0783 3.5471 4.0103 2.7366 2.8883 6.1828 6.0498 2.5331 3.1526 4.5414 4.8125 3.0584 7.3155 5.4421 2.9121 6.2597 2.8071 5.5097 2.3476 1.0243 3.1429 7.4079 3.9312 6.8573 0.6184 2.2838 7.7705 1.9862 2.5643 6.4879 3.4159 2.9794 5.0132 5.8253 3.3003 6.4695 6.2578 5.526 3.8644 2.9498 6.9478 6.9396 3.4033 2.0496 3.8156 3.9103 4.1569 3.5795 4.5171 3.8402 6.1349 7.2523 6.5949 4.5596 2.3814 2.6811 4.558 4.4493 4.7175 7.9185 5.7792 3.2315 4.1095 7.1311 5.6516 2.5578 3.9674 2.4892 3.5451 6.2206 5.2361 2.4494 5.8475 3.714 5.4635 5.025 8.622 4.4819 4.7489 7.625 6.7842 3.0559 1.9714 6.3915 4.8071 
3.8654 8.6046 2.3805 1.9126 x 3.4986 6.2745 6.2099 4.9376 2.6446 3.067 2.5225 5.1267 4.8163 1.8491 2.7124 3.7376 5.4922 4.6478 1.011 5.6602 5.5629 4.0338 4.4427 4.1858 3.3239 4.9272 6.0719 6.3571 4.7514 4.5798 1.0672 3.9728 0.5343 2.9337 3.9383 6.2189 3.0073 6.4276 2.526 1.4515 6.9729 0.1033 3.752 6.7327 4.0762 4.8468 3.992 4.9302 1.6964 7.2784 7.5475 5.2656 2.0782 2.6562 5.5727 7.9507 4.3984 3.9076 5.1871 5.6833 5.7615 1.8582 2.6197 5.6174 5.9606 7.0489 5.381 5.8284 4.1116 2.9153 3.0797 4.1736 2.8478 6.9839 3.9713 5.144 2.4009 6.0672 6.3141 1.7126 4.5319 0.919 5.3088 6.4154 6.8295 0.8054 6.9236 3.5841 3.5646 3.2445 7.8458 3.1255 5.2263 7.106 5.3808 3.4447 2.8489 5.9704 2.9863 
6.2451 5.8941 5.6672 3.398 3.4986 x 2.82 3.2034 4.5979 0.9838 0.4531 6.0084 2.0461 4.9275 4.5281 6.0358 0.2618 3.5191 4.7293 3.6454 2.9304 2.7796 2.7546 6.4751 1.3231 6.6893 5.5606 4.8507 3.1981 4.1858 4.9995 4.4545 4.0283 3.9656 3.8525 6.5374 4.8387 1.8974 3.5201 3.5041 2.1126 4.6606 3.5922 5.9406 3.2473 1.1155 5.5036 2.618 3.0253 5.1019 3.9508 4.7994 2.1567 3.7472 5.9436 4.7861 4.7804 6.7943 4.8144 3.0561 4.5369 7.1634 5.1407 4.7039 4.5051 2.7381 3.8546 4.1763 3.304 3.3969 0.7169 6.4643 1.1704 5.6293 4.946 5.099 5.1786 5.6302 4.3959 2.9253 1.9525 1.2532 4.407 4.2302 2.9408 4.8444 4.2836 3.9103 0.4756 6.0379 4.4306 5.4559 6.5685 1.7835 4.3123 4.7085 6.3681 1.6302 3.0646 4.4465 
8.4122 3.9476 8.4869 5.7325 6.2745 2.82 x 1.6316 5.5022 3.7882 3.2198 8.7463 1.5637 6.9794 7.3285 8.6649 2.5638 3.3819 5.8927 6.464 3.3197 3.1826 3.8375 8.4411 2.9265 9.5073 6.8702 6.0883 1.2584 5.0701 7.1813 7.2625 6.2369 6.7623 5.791 8.787 5.9503 4.364 3.274 5.5951 4.9288 4.8709 6.3721 8.0474 1.1732 2.3208 6.8406 4.5508 4.3367 7.9116 1.2996 3.0208 2.4725 6.4745 8.5572 6.3546 2.3096 8.9196 6.4641 3.0306 4.7869 8.6873 7.9597 7.4203 4.7988 2.2675 2.8136 5.6137 2.5526 4.5334 3.3608 9.2804 2.7779 8.4151 5.3966 7.5379 6.1791 8.4501 5.3782 0.3981 4.7714 1.7845 7.1918 4.6651 1.1824 4.0938 7.0725 1.9479 2.9172 8.7639 6.9695 5.3512 9.3753 1.0483 3.9368 6.3696 8.7873 3.7655 3.0742 7.0552 
7.5856 2.7149 8.5623 5.1895 6.2099 3.2034 1.6316 x 4.1928 4.147 3.4474 8.5104 1.1617 7.9746 7.5939 8.2583 2.9576 1.9201 4.6611 6.6444 4.7391 4.5868 2.8432 7.4811 3.894 9.533 5.643 7.3985 0.4209 3.7897 8.1061 7.266 7.1336 6.7367 4.9686 8.0078 7.2959 5.0602 4.8251 4.8892 5.0787 6.4008 6.313 7.1933 2.7975 2.2103 5.6269 5.542 5.5583 7.9055 1.4222 1.6403 3.8098 6.9181 8.1339 7.5553 1.7596 8.0459 5.4238 1.6969 3.3039 7.4848 8.0299 7.8728 3.3282 3.7853 4.4399 6.8439 1.0163 3.4319 3.4454 9.2896 3.7099 8.713 6.8936 8.2889 4.8625 8.557 6.7455 1.2484 5.0117 1.9561 7.1135 3.2515 2.807 2.4625 7.0105 0.723 3.5144 9.1904 7.6326 6.9386 9.3232 1.796 5.5299 7.5343 8.1494 3.3927 4.5635 7.6486 
4.0125 5.1534 7.0708 3.0526 4.9376 4.5979 5.5022 4.1928 x 4.8538 4.3691 6.2361 3.9811 8.9802 6.7823 5.5965 4.5657 2.3 0.576 5.8605 7.4506 7.2911 1.876 3.6399 5.9151 7.7665 1.4816 9.3742 4.593 0.4408 8.9016 5.8588 8.0289 5.3969 2.1029 4.4933 9.3921 6.0524 7.9075 2.4361 4.8151 9.2199 5.0195 3.6058 6.5993 3.8098 1.4814 7.0428 7.6039 6.3288 5.6072 4.4498 6.5597 6.7214 5.4502 9.1913 5.6109 4.3294 1.6876 2.5115 1.2177 3.3122 6.6242 7.481 1.1497 6.9378 7.9308 8.6703 3.2016 1.2016 4.0913 7.515 5.7496 7.7675 9.5376 8.5935 0.6774 7.1472 8.9797 5.2276 4.9939 4.2529 5.5331 1.0258 6.459 2.854 5.4994 4.5757 5.0673 8.5019 7.829 9.9733 7.3892 4.8913 8.709 9.0719 4.941 3.1196 7.4942 7.6634 
5.8049 6.8075 4.713 2.9892 2.6446 0.9838 3.7882 4.147 4.8538 x 0.7147 5.1665 2.9854 4.2449 3.5463 5.2888 1.2455 4.2023 4.8696 2.6796 3.2131 3.0886 3.1534 6.1414 1.6061 5.7417 5.5865 4.5468 4.1675 4.4832 4.2531 3.5359 3.3061 3.0714 3.6734 6.0402 4.5901 1.2097 3.9246 3.2615 1.2012 4.7841 2.7302 5.5453 4.1101 1.9677 5.5203 2.1995 2.8852 4.1771 4.9345 5.7104 2.6644 2.7752 5.2104 4.3377 5.7575 6.3635 4.7219 3.7636 5.0257 7.0285 4.1914 3.7318 4.9825 3.3409 4.4472 3.833 4.1353 3.6761 0.8502 5.5223 1.5581 4.6457 4.9571 4.2323 5.357 4.6689 4.2377 3.9071 0.9943 2.2196 3.5262 4.6839 3.7858 5.576 3.3982 4.8624 0.9436 5.0608 3.5299 5.6331 5.6439 2.7613 4.6675 4.2217 5.7673 1.7359 3.4574 3.515 
5.814 6.0957 5.2763 2.9641 3.067 0.4531 3.2198 3.4474 4.3691 0.7147 x 5.5686 2.2875 4.8994 4.1846 5.5842 0.672 3.5202 4.4537 3.273 3.289 3.1443 2.5793 6.064 1.6462 6.2912 5.2466 5.0122 3.4883 3.9733 4.932 4.0427 3.9731 3.5449 3.4683 6.0984 5.0236 1.8391 3.9161 3.1022 1.7153 4.9821 3.1623 5.5166 3.6951 1.2549 5.1862 2.7079 3.2393 4.6918 4.3022 4.9987 2.567 3.471 5.4914 4.8815 5.0873 6.3655 4.4594 3.0729 4.4219 6.8029 4.7466 4.4254 4.3837 3.1723 4.2908 4.3167 3.4221 3.1704 0.3049 6.0623 1.5217 5.2964 5.231 4.9435 4.92 5.2463 4.615 3.2949 1.5904 1.5504 3.9801 4.0949 3.3913 4.8834 3.8586 4.1662 0.7749 5.7454 4.2444 5.7973 6.1558 2.1733 4.6996 4.785 5.9184 1.2972 3.4548 4.2283 
3.2491 10.6911 1.6412 3.4548 2.5225 6.0084 8.7463 8.5104 6.2361 5.1665 5.5686 x 7.4972 6.367 2.7301 0.927 6.2406 7.4645 5.7699 2.8345 8.0953 8.0108 5.9833 4.0257 6.6869 1.7095 5.6059 8.0449 8.7084 6.2143 6.0116 1.7989 5.7408 2.1315 4.1722 2.9958 8.2391 5.3967 8.8776 3.9645 3.9693 9.2582 2.4364 3.4197 9.2506 6.4837 5.53 6.2645 7.2272 1.3723 9.6802 9.6905 7.7669 3.7195 1.0351 7.4251 10.2696 3.5676 4.7092 7.2538 7.2655 5.6201 1.6845 3.5739 7.1929 8.4678 9.544 7.4201 7.9768 5.8055 5.3915 1.5003 6.6849 2.8137 9.1831 5.1177 6.1731 1.8052 8.2029 8.7555 4.2163 6.9769 1.6679 6.918 8.9355 8.6767 1.8003 9.2012 6.1066 3.5962 4.6105 10.1238 1.2469 7.7019 9.517 7.2099 2.1927 5.1248 8.4296 4.2712 
6.8909 3.851 7.4543 4.2975 5.1267 2.0461 1.5637 1.1617 3.9811 2.9854 2.2875 7.4972 x 6.879 6.4487 7.3166 1.8052 2.0402 4.3453 5.5085 3.9424 3.7818 2.2739 6.8908 2.8542 8.4401 5.3178 6.4547 1.2321 3.5435 6.9906 6.1704 6.0165 5.646 4.2591 7.2805 6.3787 3.9193 4.189 4.0952 3.9392 5.6887 5.2289 6.5178 2.6185 1.0666 5.286 4.4684 4.5891 6.8153 2.1884 2.7591 2.9886 5.7572 7.1996 6.5452 2.8344 7.3876 4.9017 1.6115 3.3936 7.1279 6.9213 6.7124 3.3929 3.1509 4.025 5.8577 1.4428 2.9734 2.2993 8.2002 2.6643 7.5662 6.1277 7.1407 4.6545 7.442 5.8527 1.3826 3.8598 0.814 6.0399 3.2153 2.4859 3.1052 5.9315 1.8787 2.3796 8.0324 6.4767 6.3238 8.2511 0.9877 4.9575 6.5067 7.331 2.3841 3.8498 6.4885 
8.6675 10.6855 4.9042 6.4273 4.8163 4.9275 6.9794 7.9746 8.9802 4.2449 4.8994 6.367 6.879 x 3.6385 7.0436 5.124 8.4169 8.8936 3.8783 4.0825 4.1385 7.385 9.2588 4.1029 5.6892 9.44 2.0834 7.8513 8.6472 0.4361 4.7351 0.9517 4.7361 7.3868 8.6934 2.3521 3.0604 4.7129 6.9366 4.2147 4.0175 4.8064 8.5681 6.5889 6.0429 9.3644 2.4444 2.7896 4.9976 8.2789 9.6137 4.6024 2.7863 7.0552 1.3352 9.2716 9.1867 8.4594 7.9637 9.2634 10.5299 4.6912 2.82 9.2179 5.1263 5.6823 1.8379 8.2235 7.8507 5.092 5.6219 4.2784 3.8972 3.6304 1.4315 9.4008 4.7498 2.6626 7.2715 3.9999 6.0678 5.0502 8.9151 6.2729 9.7661 4.9517 8.6228 4.5186 3.5221 1.7567 4.7003 5.9415 6.2325 4.8827 1.1285 8.0899 5.9297 4.4961 2.0972 
5.2862 10.1445 1.4196 3.7604 1.8491 4.5281 7.3285 7.5939 6.7823 3.5463 4.1846 2.7301 6.4487 3.6385 x 3.4266 4.7896 7.1612 6.4965 0.9844 5.84 5.7891 5.7545 5.9684 4.721 2.4133 6.7436 5.3594 7.6668 6.5827 3.2925 1.2024 3.0332 1.4576 4.7785 5.2246 5.5686 3.2207 6.6331 4.3749 2.5173 6.7461 1.7744 5.2737 7.5277 5.3854 6.6628 3.8381 4.7824 1.3592 8.4771 9.0601 5.7433 1.1033 3.4514 4.7137 9.2692 5.7588 5.725 6.8098 7.4844 7.416 1.0731 0.9072 7.4207 6.4498 7.4295 4.7705 7.3748 5.9127 4.15 2.2536 4.7836 1.1202 6.5978 2.4506 6.9916 1.3056 5.591 7.4531 2.5946 5.7349 1.5724 7.1088 7.1898 8.5319 1.5175 8.3169 4.4231 1.733 1.8834 7.5907 2.5005 6.3074 7.1715 4.4958 4.546 4.4196 6.2232 1.5471 
2.3365 10.2805 2.5227 3.0783 2.7124 6.0358 8.6649 8.2583 5.5965 5.2888 5.5842 0.927 7.3166 7.0436 3.4266 x 6.2471 7.0409 5.0944 3.3006 8.3717 8.2725 5.5887 3.1157 6.8705 2.62 4.8272 8.6001 8.4943 5.6265 6.7138 2.322 6.3455 2.4766 3.6144 2.069 8.776 5.7135 9.1359 3.4915 4.1349 9.6605 2.6514 2.5356 9.2756 6.3559 4.7544 6.6645 7.6164 2.0989 9.5034 9.3214 7.9454 4.3053 0.1467 8.0208 10.0129 2.6407 3.9921 6.8806 6.6907 4.7146 2.4612 4.3144 6.6174 8.6292 9.7308 7.944 7.6341 5.3124 5.3677 2.4214 6.8429 3.6794 9.6375 5.8682 5.4611 2.6813 8.6869 8.6319 4.4122 6.8805 2.0585 6.3605 8.9754 8.1769 2.1798 8.9237 6.2033 4.4802 5.3002 10.5325 2.1455 7.6374 9.8184 7.8118 1.2666 4.9355 8.6767 4.9694 
6.3848 5.6561 5.9232 3.5471 3.7376 0.2618 2.5638 2.9576 4.5657 1.2455 0.672 6.2406 1.8052 5.124 4.7896 6.2471 x 3.3645 4.7284 3.9043 2.9045 2.7488 2.7019 6.5881 1.36 6.9437 5.5855 4.9591 2.9423 4.1451 5.21 4.7041 4.2367 4.2112 3.9427 6.6899 4.9335 2.1189 3.4495 3.6136 2.3655 4.6598 3.8325 6.0705 3.0287 0.9354 5.5312 2.776 3.112 5.3523 3.6891 4.5632 2.0775 4.0065 6.152 4.9296 4.5212 6.9301 4.8747 2.8972 4.437 7.224 5.3959 4.9631 4.4088 2.6147 3.7227 4.2989 3.0995 3.3699 0.8874 6.7176 1.1868 5.8911 4.9735 5.3355 5.1643 5.8877 4.4712 2.6641 2.2116 1.0026 4.6493 4.143 2.7301 4.6672 4.5269 3.6605 0.611 6.298 4.675 5.4353 6.818 1.5242 4.2488 4.8615 6.5454 1.7021 3.0035 4.6973 
5.9798 3.2397 7.8596 4.0103 5.4922 3.5191 3.3819 1.9201 2.3 4.2023 3.5202 7.4645 2.0402 8.4169 7.1612 7.0409 3.3645 x 2.8056 6.1768 5.9379 5.7757 1.4869 5.7653 4.6609 8.7362 3.7732 8.3013 2.3337 1.9244 8.4508 6.5495 7.4934 6.0223 3.4883 6.4336 8.256 5.3572 6.2256 3.5495 4.7371 7.703 5.5929 5.5737 4.5391 2.4314 3.765 6.1349 6.4363 7.1417 3.3177 2.3199 4.9878 6.7403 6.9037 8.2941 3.3349 6.3892 3.6965 0.47 1.4063 5.6109 7.3466 7.6455 1.422 5.1904 6.0475 7.6564 0.909 1.783 3.3552 8.483 4.4718 8.2607 8.1181 8.4042 2.9589 7.8905 7.7604 3.0558 4.7856 2.6304 6.313 1.3319 4.4635 1.3899 6.2352 2.2787 3.9704 8.8697 7.6734 8.3583 8.4473 3.0279 6.9974 8.2239 6.703 2.7544 5.8746 7.6037 
3.4415 5.7264 6.6881 2.7366 4.6478 4.7293 5.8927 4.6611 0.576 4.8696 4.4537 5.7699 4.3453 8.8936 6.4965 5.0944 4.7284 2.8056 x 5.6062 7.6321 7.4754 2.1256 3.065 6.0524 7.3391 0.9843 9.4153 5.0505 0.8811 8.7877 5.5155 7.9463 5.0783 1.7301 3.9233 9.45 6.0442 8.133 2.1219 4.6882 9.3854 4.7227 3.036 6.9578 4.048 0.9658 7.0691 7.6896 5.9501 6.0822 5.0054 6.7699 6.5225 4.9477 9.1877 6.1357 3.7534 1.1328 2.9653 1.7937 2.8244 6.2617 7.2356 1.7254 7.193 8.2185 8.7026 3.6916 1.4041 4.1615 7.09 5.8968 7.4428 9.6727 8.419 0.5101 6.7736 9.0637 5.6403 4.8937 4.5298 5.1749 1.5849 6.7967 3.4294 5.1523 5.0835 5.1869 8.198 7.6555 10.1626 6.9469 5.2122 8.9365 9.0567 4.3903 3.1655 7.7057 7.469 
4.7938 9.1713 2.0401 2.8883 1.011 3.6454 6.464 6.6444 5.8605 2.6796 3.273 2.8345 5.5085 3.8783 0.9844 3.3006 3.9043 6.1768 5.6062 x 5.3045 5.2314 4.7739 5.4093 4.0125 3.0748 5.9276 5.3024 6.7338 5.6411 3.6132 1.0359 3.0893 0.8636 3.9125 4.8165 5.4756 2.6056 6.0946 3.4896 1.5699 6.4241 0.9708 4.7137 6.7516 4.4423 5.8475 3.4303 4.3932 1.593 7.5752 8.0899 5.0746 1.0978 3.2831 4.7428 8.3383 5.3089 4.9089 5.8263 6.5208 6.7628 1.5306 1.63 6.4582 5.7845 6.8192 4.6434 6.3981 4.952 3.2111 2.8656 4.0468 2.0939 6.3611 2.9642 6.1086 1.9898 5.3951 6.564 1.6929 4.8187 1.2422 6.1453 6.419 7.5481 1.1231 7.3672 3.5971 2.7058 2.2483 7.2905 3.024 5.4285 6.7046 4.5394 4.2381 3.4363 5.6586 1.9791 
9.0151 7.264 7.2338 6.1828 5.6602 2.9304 3.3197 4.7391 7.4506 3.2131 3.289 8.0953 3.9424 4.0825 5.84 8.3717 2.9045 5.9379 7.6321 5.3045 x 0.1626 5.5757 9.3239 1.6489 8.2509 8.486 2.7968 4.4693 7.0222 4.394 6.3226 3.6014 5.9695 6.7569 9.2529 2.6394 2.7021 0.7938 6.383 4.2539 1.7792 5.7257 8.7465 2.6116 3.6623 8.4304 2.0574 1.3041 6.8954 4.558 6.2984 0.9538 4.7584 8.3103 3.1713 5.5912 9.5731 7.7412 5.4783 7.1882 10.0884 6.7818 5.5345 7.1713 1.1154 1.6628 2.4235 5.3743 6.2634 3.5934 8.078 1.7687 6.7222 2.1853 5.0438 8.0623 7.1374 2.0622 3.6913 3.9666 3.3199 6.4305 6.9346 2.3376 7.0392 6.2982 5.2263 2.5141 6.7829 4.7141 2.5308 8.2875 2.9954 1.4584 3.2358 8.9576 4.5588 0.4225 4.9307 
8.8861 7.1235 7.1762 6.0498 5.5629 2.7796 3.1826 4.5868 7.2911 3.0886 3.1443 8.0108 3.7818 4.1385 5.7891 8.2725 2.7488 5.7757 7.4754 5.2314 0.1626 x 5.4159 9.1874 1.5102 8.197 8.3322 2.9182 4.3214 6.8622 4.4387 6.2444 3.6242 5.8822 6.6126 9.1286 2.7693 2.6259 0.8669 6.2417 4.1477 1.9414 5.6302 8.614 2.5103 3.5008 8.2769 2.0405 1.3497 6.8238 4.4303 6.152 0.7933 4.7144 8.2092 3.2666 5.4628 9.4436 7.5925 5.3159 7.0257 9.9404 6.7181 5.5075 7.0088 1.013 1.6698 2.517 5.2148 6.1048 3.4483 8.0207 1.6227 6.6884 2.3463 5.0625 7.9041 7.0827 2.1957 3.5506 3.863 3.1573 6.3443 6.7724 2.2263 6.8798 6.2119 5.081 2.3694 6.7686 4.71 2.6872 8.2247 2.8376 1.5791 3.3222 8.8425 4.4091 0.4344 4.9175 
4.7424 4.7089 6.3881 2.5331 4.0338 2.7546 3.8375 2.8432 1.876 3.1534 2.5793 5.9833 2.2739 7.385 5.7545 5.5887 2.7019 1.4869 2.1256 4.7739 5.5757 5.4159 x 4.6608 4.0588 7.2528 3.0725 7.5846 3.1743 1.4468 7.3613 5.0822 6.4381 4.5593 2.1343 5.1669 7.5851 4.3618 6.0353 2.1131 3.4261 7.3471 4.1328 4.3505 4.8581 1.9375 3.0345 5.2864 5.7782 5.665 4.2339 3.7328 4.6842 5.4333 5.4544 7.4579 4.5289 5.2059 2.636 1.2943 1.8797 4.861 5.8802 6.3015 1.833 5.0769 6.0935 6.8941 2.0647 0.7219 2.3298 6.9993 3.8886 6.8376 7.6748 7.1951 2.5069 6.4242 7.1503 3.6279 3.5276 2.4048 4.8353 1.531 4.6826 2.7957 4.7611 3.4262 3.2291 7.4791 6.4433 8.0974 6.9607 3.0937 6.8376 7.3558 5.3441 1.4705 5.6191 6.3354 
0.7796 8.7907 5.4848 3.1526 4.4427 6.4751 8.4411 7.4811 3.6399 6.1414 6.064 4.0257 6.8908 9.2588 5.9684 3.1157 6.5881 5.7653 3.065 5.4093 9.3239 9.1874 4.6608 x 7.6772 5.7325 2.3157 10.3833 7.8298 3.8965 9.0176 4.7698 8.4023 4.5877 2.6776 1.1559 10.4957 7.0491 9.9791 2.9745 5.3547 10.923 4.456 0.6971 9.3589 6.2428 2.2735 8.127 8.9668 4.8789 8.8884 8.0387 8.6287 6.5046 2.9938 9.9532 9.0853 0.7415 2.0707 5.8174 4.8567 1.6003 5.2591 6.8645 4.7894 9.2025 10.3094 9.6692 6.593 4.0528 5.7672 5.5257 7.5747 6.5539 11.063 8.3468 3.1865 5.6253 10.2515 8.268 5.6458 6.7965 4.3962 4.6416 9.1297 6.4939 4.4551 7.9993 6.8311 7.3747 7.6544 11.7745 5.2606 7.5688 10.7569 9.773 1.9291 4.9002 9.516 7.3691 
7.3819 6.5933 6.034 4.5414 4.1858 1.3231 2.9265 3.894 5.9151 1.6061 1.6462 6.6869 2.8542 4.1029 4.721 6.8705 1.36 4.6609 6.0524 4.0125 1.6489 1.5102 4.0588 7.6772 x 7.0699 6.8766 3.6416 3.7505 5.4986 4.2734 4.9746 3.3176 4.5599 5.1107 7.6331 3.5969 1.5309 2.3239 4.7342 2.7389 3.3427 4.2627 7.1057 2.838 2.2458 6.8183 1.6588 1.7755 5.5902 4.2152 5.5337 1.0803 3.7352 6.7976 3.6914 5.1845 7.9386 6.1052 4.1909 5.7885 8.4491 5.5398 4.6393 5.7622 1.7827 2.8633 3.0138 4.2723 4.7155 1.9511 6.871 0.1913 5.7337 3.624 4.6153 6.5011 5.9625 3.1179 3.1871 2.4743 2.0779 5.0232 5.5002 2.4971 5.9042 4.8917 4.5245 0.8754 5.9717 4.074 4.1514 7.0363 2.1303 3.0836 3.6535 7.3733 2.9314 1.8566 4.1908 
4.9545 11.9026 1.0365 4.8125 3.3239 6.6893 9.5073 9.533 7.7665 5.7417 6.2912 1.7095 8.4401 5.6892 2.4133 2.62 6.9437 8.7362 7.3391 3.0748 8.2509 8.197 7.2528 5.7325 7.0699 x 7.2596 7.6093 9.672 7.6936 5.2795 2.2697 5.2862 2.7965 5.667 4.6796 7.8401 5.6046 9.0443 5.3884 4.5785 9.1269 3.2207 5.1288 9.8264 7.3815 7.182 6.2497 7.189 1.6276 10.5703 10.8572 8.1165 3.5106 2.7388 6.913 11.2698 5.2491 6.3253 8.466 8.7168 7.3287 1.5503 2.9382 8.6459 8.8261 9.828 7.0793 9.1348 7.1922 6.1846 0.2546 7.1138 1.7926 8.9427 4.2922 7.7704 1.1148 7.9251 9.582 4.7479 7.8104 2.4366 8.355 9.4936 10.0246 2.5297 10.2475 6.6687 2.3569 4.0103 9.9589 0.482 8.4635 9.5835 6.6906 3.8675 6.1677 8.6305 3.6796 
2.8485 6.5786 6.7282 3.0584 4.9272 5.5606 6.8702 5.643 1.4816 5.5865 5.2466 5.6059 5.3178 9.44 6.7436 4.8272 5.5855 3.7732 0.9843 5.9276 8.486 8.3322 3.0725 2.3157 6.8766 7.2596 x 10.1212 6.034 1.8551 9.296 5.6651 8.5055 5.2895 2.0573 3.3285 10.1748 6.7176 9.0201 2.5063 5.2317 10.2191 4.9868 2.474 7.9242 4.9642 0.0809 7.7726 8.4533 6.012 7.0632 5.9209 7.6503 6.9227 4.6827 9.8417 7.0921 3.0478 1.0198 3.9482 2.644 1.8419 6.3548 7.5469 2.5836 8.1041 9.1478 9.402 4.667 2.3534 4.9458 7.02 6.7308 7.5994 10.4771 8.8376 0.8984 6.8334 9.8188 6.6223 5.4691 5.4648 5.3004 2.5032 7.7547 4.2702 5.3024 6.0517 6.0028 8.3883 8.0829 11.0152 6.8325 6.1662 9.823 9.697 3.9265 3.9498 8.5835 7.8647 
9.893 10.0094 6.7336 7.3155 6.0719 4.8507 6.0883 7.3985 9.3742 4.5468 5.0122 8.0449 6.4547 2.0834 5.3594 8.6001 4.9591 8.3013 9.4153 5.3024 2.7968 2.9182 7.5846 10.3833 3.6416 7.6093 10.1212 x 7.175 8.9844 2.5165 6.2909 2.3333 6.1499 8.1487 10.0042 0.2763 3.4103 3.1718 7.7126 5.0408 2.0557 6.0936 9.7217 5.3977 5.8772 10.0529 2.3495 1.8697 6.6836 7.3476 9.0066 3.6245 4.3255 8.5853 0.7483 8.3795 10.4406 9.2208 7.8313 9.3873 11.4662 6.4317 4.6731 9.3557 3.9094 4.1172 0.7219 7.8916 8.1796 5.2835 7.5109 3.8316 5.8412 1.5825 3.4831 9.8992 6.5921 0.7864 6.4447 4.7589 5.709 6.5433 9.0796 5.1332 9.5377 6.4255 7.9474 4.3768 5.5622 3.5999 2.642 7.8063 5.6049 3.0858 0.9591 9.5045 6.2611 3.1306 3.9299 
7.9089 2.8522 8.6863 5.4421 6.3571 3.1981 1.2584 0.4209 4.593 4.1675 3.4883 8.7084 1.2321 7.8513 7.6668 8.4943 2.9423 2.3337 5.0505 6.7338 4.4693 4.3214 3.1743 7.8298 3.7505 9.672 6.034 7.175 x 4.1842 8.0038 7.4023 7.0357 6.8775 5.2811 8.3226 7.06 5.0039 4.5042 5.1761 5.1639 6.0921 6.4594 7.521 2.4074 2.2962 6.0158 5.4086 5.3569 8.0469 1.0596 1.8332 3.5602 6.9419 8.3733 7.368 1.6046 8.3794 5.782 2.0862 3.7227 7.8748 8.1532 7.8988 3.7461 3.475 4.0715 6.6451 1.4345 3.7918 3.5228 9.4319 3.5729 8.7819 6.5999 8.2362 5.2652 8.6732 6.5007 0.8634 5.0734 1.9481 7.2689 3.6635 2.4408 2.8561 7.1614 0.7781 3.4615 9.2277 7.6016 6.601 9.4803 1.6206 5.1881 7.3583 8.4354 3.5842 4.2676 7.6364 
4.2013 4.9094 6.9541 2.9121 4.7514 4.1858 5.0701 3.7897 0.4408 4.4832 3.9733 6.2143 3.5435 8.6472 6.5827 5.6265 4.1451 1.9244 0.8811 5.6411 7.0222 6.8622 1.4468 3.8965 5.4986 7.6936 1.8551 8.9844 4.1842 x 8.583 5.7114 7.6955 5.231 2.0426 4.6747 8.9963 5.6881 7.4717 2.311 4.5177 8.7939 4.8381 3.7916 6.162 3.375 1.843 6.6616 7.2005 6.2115 5.2089 4.1454 6.1267 6.4597 5.4815 8.8192 5.2556 4.5586 1.8635 2.0983 1.0655 3.6967 6.4903 7.2487 0.9922 6.499 7.4901 8.2845 2.8126 0.8074 3.702 7.4403 5.3308 7.5962 9.1185 8.3109 1.1111 7.0215 8.5754 4.8012 4.6802 3.8134 5.4008 0.7656 6.0196 2.6427 5.3574 4.2025 4.6576 8.3113 7.5475 9.5424 7.3342 4.4507 8.2727 8.7049 5.062 2.7477 7.0605 7.3957 
8.4062 10.8209 4.5186 6.2597 4.5798 4.9995 7.1813 8.1061 8.9016 4.2531 4.932 6.0116 6.9906 0.4361 3.2925 6.7138 5.21 8.4508 8.7877 3.6132 4.394 4.4387 7.3613 9.0176 4.2734 5.2795 9.296 2.5165 8.0038 8.583 x 4.4215 0.9742 4.4599 7.2389 8.4128 2.7836 3.1066 5.0538 6.7897 4.0996 4.427 4.562 8.3235 6.8506 6.1128 9.2191 2.6307 3.0911 4.6479 8.4783 9.7405 4.8531 2.5154 6.7315 1.769 9.4574 8.9168 8.3034 8.0048 9.2408 10.325 4.3296 2.445 9.1926 5.4088 6.0176 2.2344 8.3036 7.7947 5.1033 5.2194 4.441 3.487 4.0545 1.002 9.297 4.3617 3.0753 7.4584 3.9076 6.1767 4.7496 8.8861 6.5282 9.8144 4.6572 8.7694 4.6141 3.0901 1.414 5.1246 5.5437 6.3921 5.2619 1.5591 7.7882 5.8952 4.8125 1.7455 
4.0838 9.6717 1.3138 2.8071 1.0672 4.4545 7.2625 7.266 5.8588 3.5359 4.0427 1.7989 6.1704 4.7351 1.2024 2.322 4.7041 6.5495 5.5155 1.0359 6.3226 6.2444 5.0822 4.7698 4.9746 2.2697 5.6651 6.2909 7.4023 5.7114 4.4215 x 4.0236 0.5331 3.7856 4.0282 6.4746 3.6205 7.1099 3.4227 2.3448 7.4594 0.9643 4.0765 7.6453 5.1124 5.5842 4.4661 5.429 0.6496 8.305 8.6146 6.0484 1.9834 2.3238 5.7006 9.0005 4.5583 4.6559 6.2514 6.6794 6.2351 0.798 2.1072 6.6116 6.7559 7.8103 5.6481 6.8956 5.1157 3.9222 2.031 4.9918 1.9368 7.3896 3.6339 5.9941 1.342 6.4161 7.324 2.5473 5.5476 0.3784 6.3074 7.3191 7.8761 0.3644 7.9819 4.4769 2.7249 3.0096 8.3252 2.114 6.2156 7.7324 5.4907 3.3698 3.9153 6.6684 2.6902 
7.838 9.8484 4.4002 5.5097 3.9728 4.0283 6.2369 7.1336 8.0289 3.3061 3.9731 5.7408 6.0165 0.9517 3.0332 6.3455 4.2367 7.4934 7.9463 3.0893 3.6014 3.6242 6.4381 8.4023 3.3176 5.2862 8.5055 2.3333 7.0357 7.6955 0.9742 4.0236 x 3.9528 6.456 7.8926 2.5557 2.1398 4.3162 6.0059 3.2749 3.9487 3.9736 7.717 5.9615 5.1425 8.4304 1.7002 2.3088 4.3719 7.5306 8.7671 3.9612 2.0402 6.3431 1.6843 8.5013 8.368 7.5315 7.0443 8.3172 9.6343 4.1063 2.3481 8.2711 4.5553 5.257 1.8039 7.3319 6.8992 4.1554 5.1813 3.4808 3.5367 3.6871 1.4449 8.453 4.2591 2.6657 6.5047 3.0532 5.2026 4.3074 7.9674 5.6328 8.8516 4.1984 7.7994 3.64 3.3591 1.2958 4.7337 5.4737 5.4274 4.6338 1.47 7.3274 4.9801 4.0238 1.6107 
3.9498 9.1389 1.8462 2.3476 0.5343 3.9656 6.7623 6.7367 5.3969 3.0714 3.5449 2.1315 5.646 4.7361 1.4576 2.4766 4.2112 6.0223 5.0783 0.8636 5.9695 5.8822 4.5593 4.5877 4.5599 2.7965 5.2895 6.1499 6.8775 5.231 4.4599 0.5331 3.9528 x 3.3506 3.9574 6.3162 3.2773 6.7492 2.966 1.8709 7.1921 0.4316 3.8906 7.1791 4.5907 5.2087 4.1934 5.1497 1.1696 7.7882 8.0814 5.6391 1.9502 2.4469 5.602 8.4739 4.4569 4.2721 5.7204 6.1825 5.9882 1.3252 2.3078 6.1155 6.3422 7.4137 5.481 6.3626 4.6139 3.4115 2.5546 4.5641 2.3706 7.161 3.7593 5.5661 1.8686 6.2122 6.8143 2.0983 5.0347 0.4638 5.809 6.8567 7.3545 0.3318 7.4518 4.015 3.121 3.0738 8.063 2.6168 5.7143 7.399 5.4001 3.3751 3.3822 6.2995 2.782 
2.6345 6.7115 4.9726 1.0243 2.9337 3.8525 5.791 4.9686 2.1029 3.6734 3.4683 4.1722 4.2591 7.3868 4.7785 3.6144 3.9427 3.4883 1.7301 3.9125 6.7569 6.6126 2.1343 2.6776 5.1107 5.667 2.0573 8.1487 5.2811 2.0426 7.2389 3.7856 6.456 3.3506 x 3.0415 8.2204 4.7389 7.3725 0.4502 3.1878 8.4252 3.0044 2.2587 6.6838 3.5658 1.9803 5.8121 6.5579 4.2319 6.3378 5.804 6.0077 4.8777 3.4717 7.8302 6.6629 3.1295 1.0797 3.405 3.0949 3.3561 4.5362 5.5415 3.0221 6.5541 7.6527 7.4269 4.1873 1.7171 3.1645 5.4148 4.9899 5.7129 8.6269 6.7902 2.2157 5.0531 7.9011 5.6417 3.4365 4.1205 3.4475 2.7533 6.4523 4.5643 3.4227 5.5603 4.2432 6.4714 6.0327 9.255 5.2975 4.8956 8.1627 7.6776 3.2216 2.242 6.9155 5.8226 
0.4843 9.576 4.5481 3.1429 3.9383 6.5374 8.787 8.0078 4.4933 6.0402 6.0984 2.9958 7.2805 8.6934 5.2246 2.069 6.6899 6.4336 3.9233 4.8165 9.2529 9.1286 5.1669 1.1559 7.6331 4.6796 3.3285 10.0042 8.3226 4.6747 8.4128 4.0282 7.8926 3.9574 3.0415 x 10.1428 6.7936 9.957 3.192 5.0868 10.7523 3.926 0.8875 9.6076 6.5019 3.273 7.8451 8.7404 4.0153 9.379 8.7477 8.6476 5.9076 1.9663 9.5102 9.6862 0.5719 2.8158 6.411 5.7003 2.7259 4.396 6.1318 5.6294 9.2706 10.3892 9.3061 7.1962 4.6585 5.8209 4.4881 7.5563 5.6707 10.8306 7.6611 4.1415 4.6992 9.9575 8.6613 5.3851 7.0598 3.6758 5.4394 9.3497 7.316 3.7597 8.5855 6.8336 6.4862 7.014 11.6189 4.2005 7.8436 10.7076 9.3167 0.8139 5.0792 9.4897 6.7062 
10.0203 9.8838 6.9524 7.4079 6.2189 4.8387 5.9503 7.2959 9.3921 4.5901 5.0236 8.2391 6.3787 2.3521 5.5686 8.776 4.9335 8.256 9.45 5.4756 2.6394 2.7693 7.5851 10.4957 3.5969 7.8401 10.1748 0.2763 7.06 8.9963 2.7836 6.4746 2.5557 6.3162 8.2204 10.1428 x 3.4845 2.9636 7.7882 5.1438 1.7881 6.2443 9.8397 5.2222 5.8413 10.1076 2.4084 1.8229 6.8828 7.1974 8.8931 3.5009 4.5207 8.7576 1.019 8.2305 10.5704 9.288 7.7861 9.3694 11.5505 6.639 4.9021 9.3398 3.7438 3.8964 0.8379 7.8194 8.194 5.302 7.737 3.7849 6.0787 1.3063 3.7428 9.9291 6.8131 0.5824 6.3134 4.8573 5.6481 6.7177 9.0682 4.9669 9.4725 6.598 7.8289 4.3632 5.8164 3.8346 2.366 8.0281 5.5075 2.8373 1.2246 9.6586 6.2883 2.9524 4.1609 
6.6224 7.7688 4.5746 3.9312 3.0073 1.8974 4.364 5.0602 6.0524 1.2097 1.8391 5.3967 3.9193 3.0604 3.2207 5.7135 2.1189 5.3572 6.0442 2.6056 2.7021 2.6259 4.3618 7.0491 1.5309 5.6046 6.7176 3.4103 5.0039 5.6881 3.1066 3.6205 2.1398 3.2773 4.7389 6.7936 3.4845 x 3.4901 4.3045 1.7094 3.9775 3.0629 6.4107 4.3686 3.0075 6.6482 1.082 1.9477 4.1984 5.6175 6.6784 2.5231 2.2072 5.6622 3.1441 6.5343 7.1796 5.8105 4.9059 6.2311 8.0664 4.1025 3.1094 6.1889 3.2292 4.2266 2.6889 5.1999 4.8817 2.0421 5.418 1.6279 4.2084 4.0379 3.2326 6.5383 4.4907 3.2033 4.5735 1.4121 3.1079 3.7356 5.8918 4.0278 6.7121 3.6036 5.7487 1.5464 4.4447 2.6133 4.8496 5.6092 3.4415 4.1219 3.0196 6.403 2.9408 3.0531 2.6919 
9.7025 7.1926 8.0276 6.8573 6.4276 3.5201 3.274 4.8251 7.9075 3.9246 3.9161 8.8776 4.189 4.7129 6.6331 9.1359 3.4495 6.2256 8.133 6.0946 0.7938 0.8669 6.0353 9.9791 2.3239 9.0443 9.0201 3.1718 4.5042 7.4717 5.0538 7.1099 4.3162 6.7492 7.3725 9.957 2.9636 3.4901 x 7.0173 5.0072 1.5997 6.4956 9.4203 2.3399 4.0982 8.9685 2.8356 2.0093 7.6863 4.4059 6.2947 1.3723 5.5496 9.0712 3.6719 5.43 10.2584 8.3238 5.782 7.5384 10.6732 7.5751 6.315 7.5284 1.047 0.9728 2.9501 5.5736 6.7421 4.2156 8.8718 2.4081 7.5074 2.1492 5.7609 8.5407 7.931 2.3884 3.6683 4.7246 3.6798 7.2112 7.3129 2.1447 7.2221 7.0788 5.2218 3.1483 7.5495 5.4701 2.1361 9.081 3.2039 0.8035 3.7723 9.689 5.1439 0.4674 5.6979 
2.8265 6.7891 4.6459 0.6184 2.526 3.5041 5.5951 4.8892 2.4361 3.2615 3.1022 3.9645 4.0952 6.9366 4.3749 3.4915 3.6136 3.5495 2.1219 3.4896 6.383 6.2417 2.1131 2.9745 4.7342 5.3884 2.5063 7.7126 5.1761 2.311 6.7897 3.4227 6.0059 2.966 0.4502 3.192 7.7882 4.3045 7.0173 x 2.7389 8.0308 2.6018 2.481 6.4372 3.3203 2.4296 5.3808 6.1417 3.9031 6.2238 5.84 5.6602 4.4383 3.3541 7.386 6.6154 3.352 1.5278 3.4071 3.3292 3.771 4.1904 5.1196 3.258 6.228 7.3352 6.9907 4.1757 1.8415 2.8018 5.1345 4.6213 5.3358 8.2186 6.3488 2.6204 4.717 7.4777 5.4732 2.9899 3.8786 3.0993 2.9704 6.1917 4.7144 3.0635 5.5142 3.8748 6.0811 5.5899 8.8673 5.0408 4.661 7.8018 7.232 3.2607 1.9315 6.5568 5.3843 
4.9135 7.6359 3.5611 2.2838 1.4515 2.1126 4.9288 5.0787 4.8151 1.2012 1.7153 3.9693 3.9392 4.2147 2.5173 4.1349 2.3655 4.7371 4.6882 1.5699 4.2539 4.1477 3.4261 5.3547 2.7389 4.5785 5.2317 5.0408 5.1639 4.5177 4.0996 2.3448 3.2749 1.8709 3.1878 5.0868 5.1438 1.7094 5.0072 2.7389 x 5.6697 1.5335 4.7076 5.3085 2.8734 5.1571 2.777 3.654 2.9907 6.0128 6.548 3.8173 2.0106 4.066 4.6645 6.7684 5.4704 4.2666 4.3538 5.2691 6.4406 3.032 2.9095 5.2136 4.5101 5.602 4.3224 4.8762 3.7517 1.6412 4.3521 2.7225 3.6374 5.747 3.7975 5.1974 3.5315 4.9013 5.0101 0.2984 3.2529 2.3249 4.9003 4.9858 6.1247 2.197 5.8017 2.1447 4.1651 3.0366 6.5389 4.4579 3.8853 5.7093 4.5031 4.7217 1.9881 4.5455 2.9112 
10.5551 8.7918 8.1651 7.7705 6.9729 4.6606 4.8709 6.4008 9.2199 4.7841 4.9821 9.2582 5.6887 4.0175 6.7461 9.6605 4.6598 7.703 9.3854 6.4241 1.7792 1.9414 7.3471 10.923 3.3427 9.1269 10.2191 2.0557 6.0921 8.7939 4.427 7.4594 3.9487 7.1921 8.4252 10.7523 1.7881 3.9775 1.5997 8.0308 5.6697 x 7.022 10.3153 3.9234 5.4405 10.1609 2.9992 2.0443 7.9614 6.0002 7.8914 2.7174 5.6456 9.6177 2.7436 7.0201 11.1143 9.4388 7.2467 8.9659 11.7761 7.7784 6.2295 8.9496 2.6176 2.3484 2.199 7.1048 8.0281 5.2862 8.9901 3.4904 7.4406 0.6 5.3102 9.824 8.0437 1.3558 5.2636 5.3716 5.0947 7.635 8.7137 3.7427 8.7648 7.5059 6.8175 4.2173 7.3076 5.2324 0.8729 9.2466 4.7199 1.1426 2.9151 10.3803 6.2733 1.8458 5.5238 
3.8659 8.7074 2.2777 1.9862 0.1033 3.5922 6.3721 6.313 5.0195 2.7302 3.1623 2.4364 5.2289 4.8064 1.7744 2.6514 3.8325 5.5929 4.7227 0.9708 5.7257 5.6302 4.1328 4.456 4.2627 3.2207 4.9868 6.0936 6.4594 4.8381 4.562 0.9643 3.9736 0.4316 3.0044 3.926 6.2443 3.0629 6.4956 2.6018 1.5335 7.022 x 3.7631 6.8234 4.1777 4.9063 4.0357 4.9782 1.5932 7.3794 7.6506 5.3429 2.0531 2.5996 5.5846 8.0534 4.3944 3.967 5.2891 5.7751 5.7926 1.7562 2.562 5.709 6.0396 7.1251 5.4065 5.9314 4.2041 3.0138 2.9766 4.2535 2.7587 7.0249 3.935 5.2172 2.2992 6.1017 6.4137 1.7885 4.6317 0.82 5.4009 6.5052 6.9285 0.7043 7.0268 3.6712 3.4827 3.215 7.8948 3.0239 5.3238 7.169 5.3907 3.4148 2.9522 6.0397 2.9499 
0.4098 8.697 4.8263 2.5643 3.752 5.9406 8.0474 7.1933 3.6058 5.5453 5.5166 3.4197 6.5178 8.5681 5.2737 2.5356 6.0705 5.5737 3.036 4.7137 8.7465 8.614 4.3505 0.6971 7.1057 5.1288 2.474 9.7217 7.521 3.7916 8.3235 4.0765 7.717 3.8906 2.2587 0.8875 9.8397 6.4107 9.4203 2.481 4.7076 10.3153 3.7631 x 8.9163 5.7972 2.4139 7.4843 8.3401 4.2031 8.58 7.882 8.083 5.8097 2.4036 9.2792 8.8499 0.873 1.9301 5.5711 4.8134 2.2184 4.5818 6.1686 4.7426 8.6777 9.7914 9.0101 6.3553 3.8086 5.2262 4.9129 7.0123 5.8775 10.4374 7.6497 3.2638 4.9628 9.6089 7.9003 5.0017 6.355 3.702 4.5555 8.6727 6.4314 3.7593 7.7523 6.2743 6.6981 6.9581 11.1723 4.6647 7.1355 10.1893 9.0966 1.4685 4.4088 8.955 6.6721 
9.2624 4.896 8.7913 6.4879 6.7327 3.2473 1.1732 2.7975 6.5993 4.1101 3.6951 9.2506 2.6185 6.5889 7.5277 9.2756 3.0287 4.5391 6.9578 6.7516 2.6116 2.5103 4.8581 9.3589 2.838 9.8264 7.9242 5.3977 2.4074 6.162 6.8506 7.6453 5.9615 7.1791 6.6838 9.6076 5.2222 4.3686 2.3399 6.4372 5.3085 3.9234 6.8234 8.9163 x 3.12 7.8894 4.2684 3.8193 8.2841 2.0856 4.071 2.0007 6.5692 9.1798 5.7769 3.0976 9.7885 7.4435 4.1686 5.9401 9.7178 8.2796 7.4772 5.949 1.4979 1.7012 5.0273 3.7241 5.572 3.9096 9.6146 2.751 8.5629 4.4874 7.3505 7.273 8.7335 4.6398 1.5493 5.0988 2.5634 7.6302 5.8013 0.3409 5.2591 7.5037 3.0253 3.1685 8.8082 6.8723 4.3025 9.7493 1.7918 2.8959 5.8293 9.5304 4.5287 2.2698 7.0121 
6.1467 4.8409 6.3912 3.4159 4.0762 1.1155 2.3208 2.2103 3.8098 1.9677 1.2549 6.4837 1.0666 6.0429 5.3854 6.3559 0.9354 2.4314 4.048 4.4423 3.6623 3.5008 1.9375 6.2428 2.2458 7.3815 4.9642 5.8772 2.2962 3.375 6.1128 5.1124 5.1425 4.5907 3.5658 6.5019 5.8413 3.0075 4.0982 3.3203 2.8734 5.4405 4.1777 5.7972 3.12 x 4.9185 3.7112 4.0185 5.7589 3.2052 3.7439 2.7529 4.7199 6.2453 5.8637 3.9 6.6697 4.372 1.9632 3.553 6.6927 5.8581 5.6718 3.5302 3.145 4.1855 5.226 2.1931 2.6488 1.2355 7.1432 2.0603 6.5038 5.7998 6.1816 4.444 6.3771 5.3619 2.2784 2.8014 0.5584 4.9927 3.2805 2.8875 3.734 4.8816 2.9328 1.5453 6.9833 5.4928 6.1716 7.2016 1.3417 4.9002 5.7968 6.4718 1.4457 3.6857 5.4826 
2.7919 6.5963 6.6483 2.9794 4.8468 5.5036 6.8406 5.6269 1.4814 5.5203 5.1862 5.53 5.286 9.3644 6.6628 4.7544 5.5312 3.765 0.9658 5.8475 8.4304 8.2769 3.0345 2.2735 6.8183 7.182 0.0809 10.0529 6.0158 1.843 9.2191 5.5842 8.4304 5.2087 1.9803 3.273 10.1076 6.6482 8.9685 2.4296 5.1571 10.1609 4.9063 2.4139 7.8894 4.9185 x 7.7046 8.3892 5.9318 7.048 5.9273 7.5981 6.8436 4.6097 9.7705 7.0886 3.0023 0.9393 3.9309 2.6576 1.8593 6.2742 7.4664 2.596 8.0563 9.1031 9.3334 4.6555 2.3174 4.8849 6.9421 6.6735 7.5185 10.416 8.7586 0.9233 6.7533 9.7538 6.5963 5.3955 5.4222 5.2196 2.506 7.7171 4.288 5.2215 6.0438 5.944 8.3074 8.0042 10.9589 6.7557 6.1279 9.7712 9.6252 3.8626 3.8899 8.5307 7.7854 
7.6879 8.248 5.2511 5.0132 3.992 2.618 4.5508 5.542 7.0428 2.1995 2.7079 6.2645 4.4684 2.4444 3.8381 6.6645 2.776 6.1349 7.0691 3.4303 2.0574 2.0405 5.2864 8.127 1.6588 6.2497 7.7726 2.3495 5.4086 6.6616 2.6307 4.4661 1.7002 4.1934 5.8121 7.8451 2.4084 1.082 2.8356 5.3808 2.777 2.9992 4.0357 7.4843 4.2684 3.7112 7.7046 x 0.9632 4.9872 5.8484 7.1823 2.2716 2.7395 6.6247 2.1755 6.8325 8.2436 6.8798 5.6698 7.1251 9.146 4.8299 3.4794 7.0885 2.8969 3.7099 1.6336 5.8505 5.8547 2.9626 6.0906 1.8361 4.6737 2.9945 3.0865 7.5558 5.1434 2.1248 4.8325 2.4827 3.6659 4.6358 6.802 3.9372 7.442 4.5067 6.1816 2.1661 4.7283 2.6752 3.8696 6.3224 3.7889 3.3338 2.0906 7.4239 3.924 2.4679 2.877 
8.5622 8.2056 6.1994 5.8253 4.9302 3.0253 4.3367 5.5583 7.6039 2.8852 3.2393 7.2272 4.5891 2.7896 4.7824 7.6164 3.112 6.4363 7.6896 4.3932 1.3041 1.3497 5.7782 8.9668 1.7755 7.189 8.4533 1.8697 5.3569 7.2005 3.0911 5.429 2.3088 5.1497 6.5579 8.7404 1.8229 1.9477 2.0093 6.1417 3.654 2.0443 4.9782 8.3401 3.8193 4.0185 8.3892 0.9632 x 5.9491 5.6254 7.1808 1.8754 3.6799 7.5735 2.0194 6.6459 9.1203 7.6061 5.9663 7.5488 9.9116 5.7866 4.3668 7.52 2.3405 2.9494 1.2882 6.0236 6.4029 3.5282 7.0359 1.9645 5.5741 2.0973 3.7536 8.159 6.0877 1.376 4.6699 3.3558 3.8393 5.5949 7.2509 3.514 7.6681 5.4653 6.1339 2.5499 5.5625 3.4735 2.9168 7.2744 3.7623 2.4089 2.0357 8.3468 4.5247 1.7247 3.7169 
4.1467 10.2874 0.7427 3.3003 1.6964 5.1019 7.9116 7.9055 6.3288 4.1771 4.6918 1.3723 6.8153 4.9976 1.3592 2.0989 5.3523 7.1417 5.9501 1.593 6.8954 6.8238 5.665 4.8789 5.5902 1.6276 6.012 6.6836 8.0469 6.2115 4.6479 0.6496 4.3719 1.1696 4.2319 4.0153 6.8828 4.1984 7.6863 3.9031 2.9907 7.9614 1.5932 4.2031 8.2841 5.7589 5.9318 4.9872 5.9491 x 8.9535 9.2367 6.6588 2.3632 2.141 6.056 9.6434 4.5717 5.0231 6.8574 7.2053 6.4083 0.3818 2.2229 7.136 7.3679 8.4102 6.0699 7.5153 5.6546 4.5715 1.3851 5.6144 1.675 7.8583 3.7755 6.4126 0.825 6.8668 7.9735 3.1854 6.1968 0.8299 6.8368 7.9564 8.4516 0.909 8.6198 5.1159 2.4959 3.242 8.8205 1.4674 6.8649 8.2872 5.8401 3.2828 4.5425 7.2514 2.9041 
8.9672 2.8142 9.5671 6.4695 7.2784 3.9508 1.2996 1.4222 5.6072 4.9345 4.3022 9.6802 2.1884 8.2789 8.4771 9.5034 3.6891 3.3177 6.0822 7.5752 4.558 4.4303 4.2339 8.8884 4.2152 10.5703 7.0632 7.3476 1.0596 5.2089 8.4783 8.305 7.5306 7.7882 6.3378 9.379 7.1974 5.6175 4.4059 6.2238 6.0128 6.0002 7.3794 8.58 2.0856 3.2052 7.048 5.8484 5.6254 8.9535 x 2.0754 3.7534 7.6771 9.3854 7.64 1.0334 9.4389 6.8377 3.1191 4.667 8.9051 9.0352 8.6302 4.6981 3.4653 3.7713 6.8959 2.4091 4.8463 4.3863 10.3353 4.0601 9.5801 6.5543 8.8161 6.2734 9.5432 6.6198 1.0446 5.8892 2.7615 8.1961 4.6472 2.2639 3.57 8.0837 1.1709 4.1235 9.9713 8.2301 6.3837 10.4028 2.1916 4.9807 7.6605 9.48 4.5724 4.2733 8.3007 
8.2897 1.097 9.9263 6.2578 7.5475 4.7994 3.0208 1.6403 4.4498 5.7104 4.9987 9.6905 2.7591 9.6137 9.0601 9.3214 4.5632 2.3199 5.0054 8.0899 6.2984 6.152 3.7328 8.0387 5.5337 10.8572 5.9209 9.0066 1.8332 4.1454 9.7405 8.6146 8.7671 8.0814 5.804 8.7477 8.8931 6.6784 6.2947 5.84 6.548 7.8914 7.6506 7.882 4.071 3.7439 5.9273 7.1823 7.1808 9.2367 2.0754 x 5.3934 8.4578 9.1871 9.1857 1.4152 8.6841 5.9826 2.4423 3.2922 7.7122 9.3993 9.4056 3.3467 5.2824 5.7717 8.4685 1.7232 4.1029 4.9534 10.6078 5.35 10.1794 8.4126 9.8979 5.0428 9.9372 8.3338 2.6283 6.5164 3.5712 8.4207 3.4242 4.1763 1.7922 8.3291 1.0751 5.1369 10.7029 9.2262 8.3559 10.6055 3.4233 6.9416 9.1689 9.0219 4.7005 6.0834 9.2251 
8.376 6.3854 7.0826 5.526 5.2656 2.1567 2.4725 3.8098 6.5597 2.6644 2.567 7.7669 2.9886 4.6024 5.7433 7.9454 2.0775 4.9878 6.7699 5.0746 0.9538 0.7933 4.6842 8.6287 1.0803 8.1165 7.6503 3.6245 3.5602 6.1267 4.8531 6.0484 3.9612 5.6391 6.0077 8.6476 3.5009 2.5231 1.3723 5.6602 3.8173 2.7174 5.3429 8.083 2.0007 2.7529 7.5981 2.2716 1.8754 6.6588 3.7534 5.3934 x 4.7188 7.8704 3.8867 4.7779 8.9292 6.9522 4.53 6.252 9.3015 6.5965 5.5851 6.2371 0.7101 1.7855 3.143 4.4217 5.3848 2.8615 7.9231 1.1066 6.7203 3.1391 5.3575 7.185 7.005 2.9406 2.8212 3.5545 2.3787 6.1026 6.007 1.6752 6.0868 5.9709 4.328 1.8141 6.895 4.9071 3.4198 8.0978 2.0471 2.1735 3.9109 8.4189 3.7744 0.936 5.0692 
5.8914 9.5534 2.5225 3.8644 2.0782 3.7472 6.4745 6.9181 6.7214 2.7752 3.471 3.7195 5.7572 2.7863 1.1033 4.3053 4.0065 6.7403 6.5225 1.0978 4.7584 4.7144 5.4333 6.5046 3.7352 3.5106 6.9227 4.3255 6.9419 6.4597 2.5154 1.9834 2.0402 1.9502 4.8777 5.9076 4.5207 2.2072 5.5496 4.4383 2.0106 5.6456 2.0531 5.8097 6.5692 4.7199 6.8436 2.7395 3.6799 2.3632 7.6771 8.4578 4.7188 x 4.3042 3.719 8.5275 6.4048 5.9107 6.3463 7.2612 7.8391 2.1406 0.9569 7.2035 5.4184 6.3674 3.7068 6.8274 5.7206 3.506 3.3563 3.8193 2.0021 5.5099 1.9154 7.031 2.408 4.5101 6.6376 1.963 4.9938 2.2746 6.8894 6.2288 8.1296 2.1707 7.6356 3.56 2.2942 1.1699 6.4934 3.6021 5.4867 6.0732 3.5081 5.3089 3.9976 5.1488 0.9468 
2.2158 10.1432 2.5991 2.9498 2.6562 5.9436 8.5572 8.1339 5.4502 5.2104 5.4914 1.0351 7.1996 7.0552 3.4514 0.1467 6.152 6.9037 4.9477 3.2831 8.3103 8.2092 5.4544 2.9938 6.7976 2.7388 4.6827 8.5853 8.3733 5.4815 6.7315 2.3238 6.3431 2.4469 3.4717 1.9663 8.7576 5.6622 9.0712 3.3541 4.066 9.6177 2.5996 2.4036 9.1798 6.2453 4.6097 6.6247 7.5735 2.141 9.3854 9.1871 7.8704 4.3042 x 8.0145 9.8873 2.538 3.8455 6.7471 6.5459 4.5909 2.51 4.3456 6.4726 8.5513 9.6555 7.924 7.5024 5.1719 5.2705 2.5348 6.7665 3.7465 9.6035 5.8985 5.3146 2.7553 8.659 8.5197 4.3466 6.7727 2.0426 6.2164 8.8815 8.0349 2.16 8.7968 6.1197 4.5526 5.3175 10.4902 2.2675 7.5324 9.7597 7.807 1.1754 4.8206 8.6108 4.9893 
9.4271 10.2192 6.0628 6.9478 5.5727 4.7861 6.3546 7.5553 9.1913 4.3377 4.8815 7.4251 6.5452 1.3352 4.7137 8.0208 4.9296 8.2941 9.1877 4.7428 3.1713 3.2666 7.4579 9.9532 3.6914 6.913 9.8417 0.7483 7.368 8.8192 1.769 5.7006 1.6843 5.602 7.8302 9.5102 1.019 3.1441 3.6719 7.386 4.6645 2.7436 5.5846 9.2792 5.7769 5.8637 9.7705 2.1755 2.0194 6.056 7.64 9.1857 3.8867 3.719 8.0145 x 8.6631 9.9671 8.9091 7.8266 9.3005 11.1039 5.7864 3.9861 9.2638 4.2794 4.6401 0.7499 7.9609 8.0118 5.1299 6.824 3.8819 5.1342 2.3128 2.7424 9.6824 5.917 1.3989 6.6893 4.3988 5.7653 5.9739 8.9764 5.4886 9.5795 5.8612 8.1458 4.3252 4.8274 2.9052 3.3795 7.1274 5.7626 3.7026 0.2225 8.9745 6.0732 3.5502 3.2417 
9.2497 1.8663 10.288 6.9396 7.9507 4.7804 2.3096 1.7596 5.6109 5.7575 5.0873 10.2696 2.8344 9.2716 9.2692 10.0129 4.5212 3.3349 6.1357 8.3383 5.5912 5.4628 4.5289 9.0853 5.1845 11.2698 7.0921 8.3795 1.6046 5.2556 9.4574 9.0005 8.5013 8.4739 6.6629 9.6862 8.2305 6.5343 5.43 6.6154 6.7684 7.0201 8.0534 8.8499 3.0976 3.9 7.0886 6.8325 6.6459 9.6434 1.0334 1.4152 4.7779 8.5275 9.8873 8.6631 x 9.6866 7.0147 3.279 4.5337 8.9184 9.755 9.4842 4.5787 4.4983 4.7605 7.9208 2.4959 5.0452 5.1272 11.0285 5.0209 10.3832 7.5791 9.7554 6.2455 10.2763 7.6531 2.0002 6.675 3.5402 8.8592 4.5976 3.2926 3.166 8.7538 1.1028 5.0088 10.8177 9.1452 7.3768 11.0704 3.0942 5.9832 8.6792 9.8684 5.1492 5.3058 9.1966 
0.5593 9.4662 5.1159 3.4033 4.3984 6.7943 8.9196 8.0459 4.3294 6.3635 6.3655 3.5676 7.3876 9.1867 5.7588 2.6407 6.9301 6.3892 3.7534 5.3089 9.5731 9.4436 5.2059 0.7415 7.9386 5.2491 3.0478 10.4406 8.3794 4.5586 8.9168 4.5583 8.368 4.4569 3.1295 0.5719 10.5704 7.1796 10.2584 3.352 5.4704 11.1143 4.3944 0.873 9.7885 6.6697 3.0023 8.2436 9.1203 4.5717 9.4389 8.6841 8.9292 6.4048 2.538 9.9671 9.6866 x 2.7022 6.4085 5.5467 2.209 4.9531 6.6652 5.478 9.5324 10.6479 9.7361 7.1907 4.6414 6.0784 5.0591 7.8509 6.2327 11.216 8.1854 3.9069 5.266 10.3641 8.77 5.7675 7.2276 4.199 5.3143 9.5435 7.1797 4.2766 8.5924 7.1172 7.0497 7.5257 11.9761 4.7694 8.0083 11.0213 9.7775 1.3817 5.2768 9.792 7.2232 
2.3394 6.7724 5.7474 2.0496 3.9076 4.8144 6.4641 5.4238 1.6876 4.7219 4.4594 4.7092 4.9017 8.4594 5.725 3.9921 4.8747 3.6965 1.1328 4.9089 7.7412 7.5925 2.636 2.0707 6.1052 6.3253 1.0198 9.2208 5.782 1.8635 8.3034 4.6559 7.5315 4.2721 1.0797 2.8158 9.288 5.8105 8.3238 1.5278 4.2666 9.4388 3.967 1.9301 7.4435 4.372 0.9393 6.8798 7.6061 5.0231 6.8377 5.9826 6.9522 5.9107 3.8455 8.9091 7.0147 2.7022 x 3.7501 2.8857 2.3497 5.3586 6.5272 2.8144 7.4591 8.5371 8.4993 4.5233 1.9919 4.1546 6.0809 5.9732 6.5921 9.6616 7.8261 1.4696 5.847 8.958 6.2636 4.5162 4.9075 4.2947 2.626 7.2405 4.5014 4.2923 5.93 5.231 7.3765 7.0737 10.2566 5.9136 5.6551 9.1214 8.7572 3.2578 3.1842 7.8743 6.8509 
5.9714 3.444 7.5648 3.8156 5.1871 3.0561 3.0306 1.6969 2.5115 3.7636 3.0729 7.2538 1.6115 7.9637 6.8098 6.8806 2.8972 0.47 2.9653 5.8263 5.4783 5.3159 1.2943 5.8174 4.1909 8.466 3.9482 7.8313 2.0862 2.0983 8.0048 6.2514 7.0443 5.7204 3.405 6.411 7.7861 4.9059 5.782 3.4071 4.3538 7.2467 5.2891 5.5711 4.1686 1.9632 3.9309 5.6698 5.9663 6.8574 3.1191 2.4423 4.53 6.3463 6.7471 7.8266 3.279 6.4085 3.7501 x 1.7844 5.7895 7.0453 7.2627 1.787 4.7518 5.6348 7.187 0.7852 1.7678 2.921 8.2142 4.0018 7.9174 7.6562 7.9797 3.1867 7.5879 7.2913 2.7309 4.3854 2.1652 6.0327 1.6347 4.072 1.8124 5.9485 2.1842 3.5044 8.5057 7.255 7.9116 8.1952 2.5952 6.5593 7.7579 6.625 2.3902 5.4234 7.1955 
5.2216 3.9427 7.9461 3.9103 5.6833 4.5369 4.7869 3.3039 1.2177 5.0257 4.4219 7.2655 3.3936 9.2634 7.4844 6.6907 4.437 1.4063 1.7937 6.5208 7.1882 7.0257 1.8797 4.8567 5.7885 8.7168 2.644 9.3873 3.7227 1.0655 9.2408 6.6794 8.3172 6.1825 3.0949 5.7003 9.3694 6.2311 7.5384 3.3292 5.2691 8.9659 5.7751 4.8134 5.9401 3.553 2.6576 7.1251 7.5488 7.2053 4.667 3.2922 6.252 7.2612 6.5459 9.3005 4.5337 5.5467 2.8857 1.7844 x 4.42 7.4681 8.0972 0.0734 6.5181 7.4184 8.7113 2.2883 1.5728 4.1907 8.4627 5.6067 8.5295 9.3467 9.0575 1.7548 8.0052 8.906 4.4618 5.3906 3.8736 6.385 0.3756 5.8538 1.6381 6.3327 3.5606 5.0105 9.2174 8.3013 9.6583 8.3687 4.3724 8.3235 9.2068 6.1168 3.3472 7.1638 8.179 
2.3797 8.3007 7.0431 4.1569 5.7615 7.1634 8.6873 7.4848 3.3122 7.0285 6.8029 5.6201 7.1279 10.5299 7.416 4.7146 7.224 5.6109 2.8244 6.7628 10.0884 9.9404 4.861 1.6003 8.4491 7.3287 1.8419 11.4662 7.8748 3.6967 10.325 6.2351 9.6343 5.9882 3.3561 2.7259 11.5505 8.0664 10.6732 3.771 6.4406 11.7761 5.7926 2.2184 9.7178 6.6927 1.8593 9.146 9.9116 6.4083 8.9051 7.7122 9.3015 7.8391 4.5909 11.1039 8.9184 2.209 2.3497 5.7895 4.42 x 6.7843 8.2937 4.3661 9.8016 10.8718 10.7447 6.5077 4.1545 6.498 7.1188 8.3198 8.0794 11.983 9.7263 2.6753 7.178 11.2483 8.4504 6.7132 7.2156 5.857 4.321 9.5332 6.0057 5.8998 7.8878 7.5761 8.8986 9.0059 12.5995 6.8584 7.9427 11.4711 10.9385 3.5219 5.5334 10.2239 8.7415 
4.5283 10.4604 0.5331 3.5795 1.8582 5.1407 7.9597 8.0299 6.6242 4.1914 4.7466 1.6845 6.9213 4.6912 1.0731 2.4612 5.3959 7.3466 6.2617 1.5306 6.7818 6.7181 5.8802 5.2591 5.5398 1.5503 6.3548 6.4317 8.1532 6.4903 4.3296 0.798 4.1063 1.3252 4.5362 4.396 6.639 4.1025 7.5751 4.1904 3.032 7.7784 1.7562 4.5818 8.2796 5.8581 6.2742 4.8299 5.7866 0.3818 9.0352 9.3993 6.5965 2.1406 2.51 5.7864 9.755 4.9531 5.3586 7.0453 7.4681 6.7843 x 1.8894 7.3998 7.3066 8.3282 5.8366 7.6827 5.9076 4.6493 1.3353 5.5769 1.2958 7.6505 3.4347 6.7313 0.544 6.6492 8.0402 3.1976 6.2738 1.0912 7.0971 7.9478 8.6741 1.1354 8.7484 5.1193 2.1164 2.935 8.6305 1.5069 6.9172 8.151 5.5683 3.6593 4.6988 7.1492 2.594 
6.1895 10.5002 2.0872 4.5171 2.6197 4.7039 7.4203 7.8728 7.481 3.7318 4.4254 3.5739 6.7124 2.82 0.9072 4.3144 4.9631 7.6455 7.2356 1.63 5.5345 5.5075 6.3015 6.8645 4.6393 2.9382 7.5469 4.6731 7.8988 7.2487 2.445 2.1072 2.3481 2.3078 5.5415 6.1318 4.9021 3.1094 6.315 5.1196 2.9095 6.2295 2.562 6.1686 7.4772 5.6718 7.4664 3.4794 4.3668 2.2229 8.6302 9.4056 5.5851 0.9569 4.3456 3.9861 9.4842 6.6652 6.5272 7.2627 8.0972 8.2937 1.8894 x 8.0368 6.2733 7.175 4.1447 7.7643 6.5381 4.4522 2.8389 4.7352 1.2127 6.0166 1.5538 7.7384 1.9361 4.9963 7.5896 2.8955 5.9507 2.4728 7.7228 7.1364 9.0319 2.4094 8.591 4.5097 1.3437 1.0825 7.0458 3.142 6.4391 6.7754 3.7643 5.4506 4.8928 5.9395 0.7445 
5.151 4.0074 7.877 3.8402 5.6174 4.5051 4.7988 3.3282 1.1497 4.9825 4.3837 7.1929 3.3929 9.2179 7.4207 6.6174 4.4088 1.422 1.7254 6.4582 7.1713 7.0088 1.833 4.7894 5.7622 8.6459 2.5836 9.3557 3.7461 0.9922 9.1926 6.6116 8.2711 6.1155 3.0221 5.6294 9.3398 6.1889 7.5284 3.258 5.2136 8.9496 5.709 4.7426 5.949 3.5302 2.596 7.0885 7.52 7.136 4.6981 3.3467 6.2371 7.2035 6.4726 9.2638 4.5787 5.478 2.8144 1.787 0.0734 4.3661 7.3998 8.0368 x 6.5107 7.4179 8.6779 2.312 1.5082 4.1497 8.3918 5.5811 8.464 9.3267 9.0037 1.6972 7.9366 8.8791 4.4773 5.3375 3.8595 6.3162 0.3142 5.8586 1.7047 6.2644 3.5979 4.9792 9.1537 8.2468 9.6461 8.2971 4.3689 8.3151 9.1687 6.0441 3.298 7.1511 8.1226 
8.9831 6.2112 7.7924 6.1349 5.9606 2.7381 2.2675 3.7853 6.9378 3.3409 3.1723 8.4678 3.1509 5.1263 6.4498 8.6292 2.6147 5.1904 7.193 5.7845 1.1154 1.013 5.0769 9.2025 1.7827 8.8261 8.1041 3.9094 3.475 6.499 5.4088 6.7559 4.5553 6.3422 6.5541 9.2706 3.7438 3.2292 1.047 6.228 4.5101 2.6176 6.0396 8.6777 1.4979 3.145 8.0563 2.8969 2.3405 7.3679 3.4653 5.2824 0.7101 5.4184 8.5513 4.2794 4.4983 9.5324 7.4591 4.7518 6.5181 9.8016 7.3066 6.2733 6.5107 x 1.1191 3.5299 4.5271 5.7926 3.4545 8.6331 1.7881 7.4182 3.1304 5.9757 7.5828 7.7142 3.163 2.6549 4.2524 2.6872 6.8053 6.304 1.2239 6.1751 6.6739 4.2073 2.4523 7.5739 5.5615 3.1813 8.8079 2.1637 1.8075 4.3346 9.0697 4.3121 0.8099 5.7381 
10.0995 6.5855 8.8003 7.2523 7.0489 3.8546 2.8136 4.4399 7.9308 4.4472 4.2908 9.544 4.025 5.6823 7.4295 9.7308 3.7227 6.0475 8.2185 6.8192 1.6628 1.6698 6.0935 10.3094 2.8633 9.828 9.1478 4.1172 4.0715 7.4901 6.0176 7.8103 5.257 7.4137 7.6527 10.3892 3.8964 4.2266 0.9728 7.3352 5.602 2.3484 7.1251 9.7914 1.7012 4.1855 9.1031 3.7099 2.9494 8.4102 3.7713 5.7717 1.7855 6.3674 9.6555 4.6401 4.7605 10.6479 8.5371 5.6348 7.4184 10.8718 8.3282 7.175 7.4179 1.1191 x 3.9221 5.3008 6.8144 4.5713 9.6442 2.8894 8.3507 2.9422 6.7013 8.588 8.7134 3.3308 3.2085 5.3368 3.6888 7.8775 7.2342 1.633 6.8958 7.7455 4.7213 3.5698 8.4382 6.3755 2.6162 9.8343 3.0561 1.2382 4.7439 10.1874 5.4124 1.2439 6.5868 
9.1868 9.4936 6.1677 6.5949 5.381 4.1763 5.6137 6.8439 8.6703 3.833 4.3167 7.4201 5.8577 1.8379 4.7705 7.944 4.2989 7.6564 8.7026 4.6434 2.4235 2.517 6.8941 9.6692 3.0138 7.0793 9.402 0.7219 6.6451 8.2845 2.2344 5.6481 1.8039 5.481 7.4269 9.3061 0.8379 2.6889 2.9501 6.9907 4.3224 2.199 5.4065 9.0101 5.0273 5.226 9.3334 1.6336 1.2882 6.0699 6.8959 8.4685 3.143 3.7068 7.924 0.7499 7.9208 9.7361 8.4993 7.187 8.7113 10.7447 5.8366 4.1447 8.6779 3.5299 3.9221 x 7.2845 7.4785 4.5825 6.9656 3.2051 5.3398 1.886 3.1148 9.1886 6.0328 0.8679 5.9529 4.0392 5.0916 5.8856 8.3978 4.7388 8.9175 5.765 7.4221 3.7058 5.1405 3.0995 2.9426 7.2478 5.0483 3.0503 0.8227 8.8208 5.5537 2.8072 3.4127 
6.7561 2.7793 8.2083 4.5596 5.8284 3.304 2.5526 1.0163 3.2016 4.1353 3.4221 7.9768 1.4428 8.2235 7.3748 7.6341 3.0995 0.909 3.6916 6.3981 5.3743 5.2148 2.0647 6.593 4.2723 9.1348 4.667 7.8916 1.4345 2.8126 8.3036 6.8956 7.3319 6.3626 4.1873 7.1962 7.8194 5.1999 5.5736 4.1757 4.8762 7.1048 5.9314 6.3553 3.7241 2.1931 4.6555 5.8505 6.0236 7.5153 2.4091 1.7232 4.4217 6.8274 7.5024 7.9609 2.4959 7.1907 4.5233 0.7852 2.2883 6.5077 7.6827 7.7643 2.312 4.5271 5.3008 7.2845 x 2.5493 3.3306 8.8851 4.0812 8.4915 7.5579 8.3652 3.865 8.2219 7.2953 2.2009 4.8689 2.1955 6.6982 2.2404 3.6844 1.6652 6.6073 1.4069 3.7061 9.041 7.6644 7.7083 8.8825 2.3851 6.3195 7.9132 7.4054 2.9855 5.2599 7.635 
4.2115 4.9947 6.3929 2.3814 4.1116 3.3969 4.5334 3.4319 1.2016 3.6761 3.1704 5.8055 2.9734 7.8507 5.9127 5.3124 3.3699 1.783 1.4041 4.952 6.2634 6.1048 0.7219 4.0528 4.7155 7.1922 2.3534 8.1796 3.7918 0.8074 7.7947 5.1157 6.8992 4.6139 1.7171 4.6585 8.194 4.8817 6.7421 1.8415 3.7517 8.0281 4.2041 3.8086 5.572 2.6488 2.3174 5.8547 6.4029 5.6546 4.8463 4.1029 5.3848 5.7206 5.1719 8.0118 5.0452 4.6414 1.9919 1.7678 1.5728 4.1545 5.9076 6.5381 1.5082 5.7926 6.8144 7.4785 2.5493 x 2.8964 6.9376 4.5515 6.957 8.3389 7.5491 1.8004 6.447 7.7785 4.3058 3.9001 3.1257 4.8298 1.1976 5.4016 2.8732 4.7728 3.952 3.8658 7.6456 6.7878 8.7904 6.8626 3.8139 7.5452 7.8978 4.9217 1.9409 6.3206 6.6487 
5.5287 6.0482 5.1816 2.6811 2.9153 0.7169 3.3608 3.4454 4.0913 0.8502 0.3049 5.3915 2.2993 5.092 4.15 5.3677 0.8874 3.3552 4.1615 3.2111 3.5934 3.4483 2.3298 5.7672 1.9511 6.1846 4.9458 5.2835 3.5228 3.702 5.1033 3.9222 4.1554 3.4115 3.1645 5.8209 5.302 2.0421 4.2156 2.8018 1.6412 5.2862 3.0138 5.2262 3.9096 1.2355 4.8849 2.9626 3.5282 4.5715 4.3863 4.9534 2.8615 3.506 5.2705 5.1299 5.1272 6.0784 4.1546 2.921 4.1907 6.498 4.6493 4.4522 4.1497 3.4545 4.5713 4.5825 3.3306 2.8964 x 5.9508 1.8255 5.2683 5.5313 5.0612 4.632 5.1607 4.9029 3.4028 1.5683 1.6259 3.8338 3.8554 3.6153 4.7329 3.7162 4.1681 1.0793 5.7546 4.3444 6.1022 6.0282 2.3134 5.0011 5.026 5.6605 0.9988 3.7553 4.3051 
4.7494 11.6517 0.8445 4.558 3.0797 6.4643 9.2804 9.2896 7.515 5.5223 6.0623 1.5003 8.2002 5.6219 2.2536 2.4214 6.7176 8.483 7.09 2.8656 8.078 8.0207 6.9993 5.5257 6.871 0.2546 7.02 7.5109 9.4319 7.4403 5.2194 2.031 5.1813 2.5546 5.4148 4.4881 7.737 5.418 8.8718 5.1345 4.3521 8.9901 2.9766 4.9129 9.6146 7.1432 6.9421 6.0906 7.0359 1.3851 10.3353 10.6078 7.9231 3.3563 2.5348 6.824 11.0285 5.0591 6.0809 8.2142 8.4627 7.1188 1.3353 2.8389 8.3918 8.6331 9.6442 6.9656 8.8851 6.9376 5.9508 x 6.9106 1.7426 8.8199 4.2424 7.5234 0.9483 7.805 9.3505 4.528 7.5766 2.1872 8.1007 9.283 9.7703 2.2825 10.0032 6.4529 2.3764 3.9188 9.828 0.3563 8.2354 9.4233 6.6019 3.6789 5.9205 8.4535 3.5832 
7.2955 6.4124 6.0773 4.4493 4.1736 1.1704 2.7779 3.7099 5.7496 1.5581 1.5217 6.6849 2.6643 4.2784 4.7836 6.8429 1.1868 4.4718 5.8968 4.0468 1.7687 1.6227 3.8886 7.5747 0.1913 7.1138 6.7308 3.8316 3.5729 5.3308 4.441 4.9918 3.4808 4.5641 4.9899 7.5563 3.7849 1.6279 2.4081 4.6213 2.7225 3.4904 4.2535 7.0123 2.751 2.0603 6.6735 1.8361 1.9645 5.6144 4.0601 5.35 1.1066 3.8193 6.7665 3.8819 5.0209 7.8509 5.9732 4.0018 5.6067 8.3198 5.5769 4.7352 5.5811 1.7881 2.8894 3.2051 4.0812 4.5515 1.8255 6.9106 x 5.812 3.788 4.76 6.3411 6.0105 3.3017 3.0269 2.4687 1.8867 5.0261 5.3212 2.4112 5.7131 4.8953 4.3455 0.7469 6.0723 4.2026 4.2876 7.0674 1.9544 3.1824 3.8428 7.315 2.7927 1.9428 4.3081 
5.819 11.263 1.174 4.7175 2.8478 5.6293 8.4151 8.713 7.7675 4.6457 5.2964 2.8137 7.5662 3.8972 1.1202 3.6794 5.8911 8.2607 7.4428 2.0939 6.7222 6.6884 6.8376 6.5539 5.7337 1.7926 7.5994 5.8412 8.7819 7.5962 3.487 1.9368 3.5367 2.3706 5.7129 5.6707 6.0787 4.2084 7.5074 5.3358 3.6374 7.4406 2.7587 5.8775 8.5629 6.5038 7.5185 4.6737 5.5741 1.675 9.5801 10.1794 6.7203 2.0021 3.7465 5.1342 10.3832 6.2327 6.5921 7.9174 8.5295 8.0794 1.2958 1.2127 8.464 7.4182 8.3507 5.3398 8.4915 6.957 5.2683 1.7426 5.812 x 7.2183 2.5023 7.9257 1.0089 6.1971 8.5514 3.7086 6.846 2.299 8.1546 8.2231 9.6245 2.301 9.436 5.5006 0.8209 2.2449 8.2531 2.0807 7.4028 7.983 4.9117 4.9145 5.5284 7.1219 1.9274 
10.6582 9.3328 8.0091 7.9185 6.9839 4.946 5.3966 6.8936 9.5376 4.9571 5.231 9.1831 6.1277 3.6304 6.5978 9.6375 4.9735 8.1181 9.6727 6.3611 2.1853 2.3463 7.6748 11.063 3.624 8.9427 10.4771 1.5825 6.5999 9.1185 4.0545 7.3896 3.6871 7.161 8.6269 10.8306 1.3063 4.0379 2.1492 8.2186 5.747 0.6 7.0249 10.4374 4.4874 5.7998 10.416 2.9945 2.0973 7.8583 6.5543 8.4126 3.1391 5.5099 9.6035 2.3128 7.5791 11.216 9.6616 7.6562 9.3467 11.983 7.6505 6.0166 9.3267 3.1304 2.9422 1.886 7.5579 8.3389 5.5313 8.8199 3.788 7.2183 x 4.9822 10.1246 7.8799 1.0215 5.7852 5.4492 5.4927 7.5913 9.0803 4.2913 9.2223 7.4649 7.3376 4.4858 7.0249 4.9827 1.0701 9.0917 5.1757 1.7426 2.5052 10.4184 6.5282 2.3324 5.2912 
7.6958 10.9915 3.5731 5.7792 3.9713 5.099 7.5379 8.2889 8.5935 4.2323 4.9435 5.1177 7.1407 1.4315 2.4506 5.8682 5.3355 8.4042 8.419 2.9642 5.0438 5.0625 7.1951 8.3468 4.6153 4.2922 8.8376 3.4831 8.2362 8.3109 1.002 3.6339 1.4449 3.7593 6.7902 7.6611 3.7428 3.2326 5.7609 6.3488 3.7975 5.3102 3.935 7.6497 7.3505 6.1816 8.7586 3.0865 3.7536 3.7755 8.8161 9.8979 5.3575 1.9154 5.8985 2.7424 9.7554 8.1854 7.8261 7.9797 9.0575 9.7263 3.4347 1.5538 9.0037 5.9757 6.7013 3.1148 8.3652 7.5491 5.0612 4.2424 4.76 2.5023 4.9822 x 8.9286 3.4122 3.9784 7.7769 3.6681 6.3335 3.9868 8.6914 7.0167 9.7892 3.9098 8.9808 4.7782 2.0909 0.7646 6.0489 4.5735 6.6616 6.0602 2.5252 6.9954 5.7286 5.4662 0.9851 
3.6574 5.6819 7.1474 3.2315 5.144 5.1786 6.1791 4.8625 0.6774 5.357 4.92 6.1731 4.6545 9.4008 6.9916 5.4611 5.1643 2.9589 0.5101 6.1086 8.0623 7.9041 2.5069 3.1865 6.5011 7.7704 0.8984 9.8992 5.2652 1.1111 9.297 5.9941 8.453 5.5661 2.2157 4.1415 9.9291 6.5383 8.5407 2.6204 5.1974 9.824 5.2172 3.2638 7.273 4.444 0.9233 7.5558 8.159 6.4126 6.2734 5.0428 7.185 7.031 5.3146 9.6824 6.2455 3.9069 1.4696 3.1867 1.7548 2.6753 6.7313 7.7384 1.6972 7.5828 8.588 9.1886 3.865 1.8004 4.632 7.5234 6.3411 7.9257 10.1246 8.9286 x 7.2373 9.5344 5.905 5.4009 4.9034 5.6483 1.6485 7.129 3.3737 5.6302 5.2262 5.6416 8.687 8.1652 10.5902 7.3678 5.5563 9.3434 9.5537 4.6751 3.6409 8.1208 7.9777 
4.8749 11.0003 0.1661 4.1095 2.4009 5.6302 8.4501 8.557 7.1472 4.6689 5.2463 1.8052 7.442 4.7498 1.3056 2.6813 5.8877 7.8905 6.7736 1.9898 7.1374 7.0827 6.4242 5.6253 5.9625 1.1148 6.8334 6.5921 8.6732 7.0215 4.3617 1.342 4.2591 1.8686 5.0531 4.6992 6.8131 4.4907 7.931 4.717 3.5315 8.0437 2.2992 4.9628 8.7335 6.3771 6.7533 5.1434 6.0877 0.825 9.5432 9.9372 7.005 2.408 2.7553 5.917 10.2763 5.266 5.847 7.5879 8.0052 7.178 0.544 1.9361 7.9366 7.7142 8.7134 6.0328 8.2219 6.447 5.1607 0.9483 6.0105 1.0089 7.8799 3.4122 7.2373 x 6.8671 8.5411 3.6793 6.782 1.6213 7.6349 8.3991 9.218 1.6744 9.2766 5.5859 1.7988 3.0179 8.8836 1.2153 7.4114 8.4766 5.6958 3.9286 5.2371 7.5161 2.6778 
9.8094 9.3167 6.9983 7.1311 6.0672 4.3959 5.3782 6.7455 8.9797 4.2377 4.615 8.2029 5.8527 2.6626 5.591 8.6869 4.4712 7.7604 9.0637 5.3951 2.0622 2.1957 7.1503 10.2515 3.1179 7.9251 9.8188 0.7864 6.5007 8.5754 3.0753 6.4161 2.6657 6.2122 7.9011 9.9575 0.5824 3.2033 2.3884 7.4777 4.9013 1.3558 6.1017 9.6089 4.6398 5.3619 9.7538 2.1248 1.376 6.8668 6.6198 8.3338 2.9406 4.5101 8.659 1.3989 7.6531 10.3641 8.958 7.2913 8.906 11.2483 6.6492 4.9963 8.8791 3.163 3.3308 0.8679 7.2953 7.7785 4.9029 7.805 3.3017 6.1971 1.0215 3.9784 9.5344 6.8671 x 5.7445 4.6074 5.1397 6.6327 8.6141 4.3857 8.9539 6.5085 7.2667 3.9211 6.0083 3.9613 2.0747 8.0804 4.9634 2.3165 1.5614 9.5112 5.8984 2.3701 4.2699 
8.2733 3.5729 8.5705 5.6516 6.3141 2.9253 0.3981 1.2484 5.2276 3.9071 3.2949 8.7555 1.3826 7.2715 7.4531 8.6319 2.6641 3.0558 5.6403 6.564 3.6913 3.5506 3.6279 8.268 3.1871 9.582 6.6223 6.4447 0.8634 4.8012 7.4584 7.324 6.5047 6.8143 5.6417 8.6613 6.3134 4.5735 3.6683 5.4732 5.0101 5.2636 6.4137 7.9003 1.5493 2.2784 6.5963 4.8325 4.6699 7.9735 1.0446 2.6283 2.8212 6.6376 8.5197 6.6893 2.0002 8.77 6.2636 2.7309 4.4618 8.4504 8.0402 7.5896 4.4773 2.6549 3.2085 5.9529 2.2009 4.3058 3.4028 9.3505 3.0269 8.5514 5.7852 7.7769 5.905 8.5411 5.7445 x 4.8732 1.7829 7.2332 4.359 1.5792 3.7098 7.1172 1.5539 3.081 8.9315 7.1864 5.7492 9.431 1.1511 4.3349 6.6969 8.6972 3.703 3.4586 7.2562 
5.2104 7.6093 3.7204 2.5578 1.7126 1.9525 4.7714 5.0117 4.9939 0.9943 1.5904 4.2163 3.8598 3.9999 2.5946 4.4122 2.2116 4.7856 4.8937 1.6929 3.9666 3.863 3.5276 5.6458 2.4743 4.7479 5.4691 4.7589 5.0734 4.6802 3.9076 2.5473 3.0532 2.0983 3.4365 5.3851 4.8573 1.4121 4.7246 2.9899 0.2984 5.3716 1.7885 5.0017 5.0988 2.8014 5.3955 2.4827 3.3558 3.1854 5.8892 6.5164 3.5545 1.963 4.3466 4.3988 6.675 5.7675 4.5162 4.3854 5.3906 6.7132 3.1976 2.8955 5.3375 4.2524 5.3368 4.0392 4.8689 3.9001 1.5683 4.528 2.4687 3.7086 5.4492 3.6681 5.4009 3.6793 4.6074 4.8732 x 3.1407 2.5588 5.026 4.7719 6.1755 2.4286 5.7339 1.9305 4.1875 2.9159 6.241 4.6514 3.7357 5.4203 4.2424 5.0175 2.0649 4.2646 2.8215 
6.7051 4.6609 6.8056 3.9674 4.5319 1.2532 1.7845 1.9561 4.2529 2.2196 1.5504 6.9769 0.814 6.0678 5.7349 6.8805 1.0026 2.6304 4.5298 4.8187 3.3199 3.1573 2.4048 6.7965 2.0779 7.8104 5.4648 5.709 1.9481 3.8134 6.1767 5.5476 5.2026 5.0347 4.1205 7.0598 5.6481 3.1079 3.6798 3.8786 3.2529 5.0947 4.6317 6.355 2.5634 0.5584 5.4222 3.6659 3.8393 6.1968 2.7615 3.5712 2.3787 4.9938 6.7727 5.7653 3.5402 7.2276 4.9075 2.1652 3.8736 7.2156 6.2738 5.9507 3.8595 2.6872 3.6888 5.0916 2.1955 3.1257 1.6259 7.5766 1.8867 6.846 5.4927 6.3335 4.9034 6.782 5.1397 1.7829 3.1407 x 5.4509 3.6352 2.3376 3.829 5.3356 2.658 1.566 7.2802 5.6774 5.7878 7.6512 0.7839 4.4748 5.719 7.023 1.9961 3.2925 5.699 
3.717 9.4667 1.5632 2.4892 0.919 4.407 7.1918 7.1135 5.5331 3.5262 3.9801 1.6679 6.0399 5.0502 1.5724 2.0585 4.6493 6.313 5.1749 1.2422 6.4305 6.3443 4.8353 4.3962 5.0232 2.4366 5.3004 6.5433 7.2689 5.4008 4.7496 0.3784 4.3074 0.4638 3.4475 3.6758 6.7177 3.7356 7.2112 3.0993 2.3249 7.635 0.82 3.702 7.6302 4.9927 5.2196 4.6358 5.5949 0.8299 8.1961 8.4207 6.1026 2.2746 2.0426 5.9739 8.8592 4.199 4.2947 6.0327 6.385 5.857 1.0912 2.4728 6.3162 6.8053 7.8775 5.8856 6.6982 4.8298 3.8338 2.1872 5.0261 2.299 7.5913 3.9868 5.6483 1.6213 6.6327 7.2332 2.5588 5.4509 x 6.0152 7.3094 7.6217 0.1324 7.8241 4.4695 3.0952 3.3431 8.5047 2.2115 6.1436 7.8575 5.7676 3.0402 3.7354 6.7622 3.0312 
4.965 4.152 7.577 3.5451 5.3088 4.2302 4.6651 3.2515 1.0258 4.6839 4.0949 6.918 3.2153 8.9151 7.1088 6.3605 4.143 1.3319 1.5849 6.1453 6.9346 6.7724 1.531 4.6416 5.5002 8.355 2.5032 9.0796 3.6635 0.7656 8.8861 6.3074 7.9674 5.809 2.7533 5.4394 9.0682 5.8918 7.3129 2.9704 4.9003 8.7137 5.4009 4.5555 5.8013 3.2805 2.506 6.802 7.2509 6.8368 4.6472 3.4242 6.007 6.8894 6.2164 8.9764 4.5976 5.3143 2.626 1.6347 0.3756 4.321 7.0971 7.7228 0.3142 6.304 7.2342 8.3978 2.2404 1.1976 3.8554 8.1007 5.3212 8.1546 9.0803 8.6914 1.6485 7.6349 8.6141 4.359 5.026 3.6352 6.0152 x 5.6956 1.8771 5.9617 3.5807 4.7053 8.8419 7.9341 9.4223 8.0112 4.1789 8.104 8.8786 5.8247 2.9909 6.9271 7.809 
9.0129 5.0496 8.4582 6.2206 6.4154 2.9408 1.1824 2.807 6.459 3.7858 3.3913 8.9355 2.4859 6.2729 7.1898 8.9754 2.7301 4.4635 6.7967 6.419 2.3376 2.2263 4.6826 9.1297 2.4971 9.4936 7.7547 5.1332 2.4408 6.0196 6.5282 7.3191 5.6328 6.8567 6.4523 9.3497 4.9669 4.0278 2.1447 6.1917 4.9858 3.7427 6.5052 8.6727 0.3409 2.8875 7.7171 3.9372 3.514 7.9564 2.2639 4.1763 1.6752 6.2288 8.8815 5.4886 3.2926 9.5435 7.2405 4.072 5.8538 9.5332 7.9478 7.1364 5.8586 1.2239 1.633 4.7388 3.6844 5.4016 3.6153 9.283 2.4112 8.2231 4.2913 7.0167 7.129 8.3991 4.3857 1.5792 4.7719 2.3376 7.3094 5.6956 x 5.2645 7.1823 3.1121 2.8428 8.4674 6.5338 4.1802 9.4206 1.5906 2.7656 5.5342 9.2543 4.2721 2.0209 6.6722 
6.8408 2.3085 9.179 5.2361 6.8295 4.8444 4.0938 2.4625 2.854 5.576 4.8834 8.6767 3.1052 9.7661 8.5319 8.1769 4.6672 1.3899 3.4294 7.5481 7.0392 6.8798 2.7957 6.4939 5.9042 10.0246 4.2702 9.5377 2.8561 2.6427 9.8144 7.8761 8.8516 7.3545 4.5643 7.316 9.4725 6.7121 7.2221 4.7144 6.1247 8.7648 6.9285 6.4314 5.2591 3.734 4.288 7.442 7.6681 8.4516 3.57 1.7922 6.0868 8.1296 8.0349 9.5795 3.166 7.1797 4.5014 1.8124 1.6381 6.0057 8.6741 9.0319 1.7047 6.1751 6.8958 8.9175 1.6652 2.8732 4.7329 9.7703 5.7131 9.6245 9.2223 9.7892 3.3737 9.218 8.9539 3.7098 6.1755 3.829 7.6217 1.8771 5.2645 x 7.5511 2.3991 5.2781 10.2469 9.0609 9.353 9.7133 4.0476 7.9552 9.5216 7.6945 4.1392 6.9191 8.9934 
3.7871 9.3786 1.6279 2.4494 0.8054 4.2836 7.0725 7.0105 5.4994 3.3982 3.8586 1.8003 5.9315 4.9517 1.5175 2.1798 4.5269 6.2352 5.1523 1.1231 6.2982 6.2119 4.7611 4.4551 4.8917 2.5297 5.3024 6.4255 7.1614 5.3574 4.6572 0.3644 4.1984 0.3318 3.4227 3.7597 6.598 3.6036 7.0788 3.0635 2.197 7.5059 0.7043 3.7593 7.5037 4.8816 5.2215 4.5067 5.4653 0.909 8.0837 8.3291 5.9709 2.1707 2.16 5.8612 8.7538 4.2766 4.2923 5.9485 6.3327 5.8998 1.1354 2.4094 6.2644 6.6739 7.7455 5.765 6.6073 4.7728 3.7162 2.2825 4.8953 2.301 7.4649 3.9098 5.6302 1.6744 6.5085 7.1172 2.4286 5.3356 0.1324 5.9617 7.1823 7.5511 x 7.7225 4.3417 3.0863 3.2546 8.3759 2.3201 6.0242 7.7255 5.656 3.1387 3.6381 6.6298 2.9473 
8.151 2.0742 9.2805 5.8475 6.9236 3.9103 1.9479 0.723 4.5757 4.8624 4.1662 9.2012 1.8787 8.6228 8.3169 8.9237 3.6605 2.2787 5.0835 7.3672 5.2263 5.081 3.4262 7.9993 4.5245 10.2475 6.0517 7.9474 0.7781 4.2025 8.7694 7.9819 7.7994 7.4518 5.5603 8.5855 7.8289 5.7487 5.2218 5.5142 5.8017 6.8175 7.0268 7.7523 3.0253 2.9328 6.0438 6.1816 6.1339 8.6198 1.1709 1.0751 4.328 7.6356 8.7968 8.1458 1.1028 8.5924 5.93 2.1842 3.5606 7.8878 8.7484 8.591 3.5979 4.2073 4.7213 7.4221 1.4069 3.952 4.1681 10.0032 4.3455 9.436 7.3376 8.9808 5.2262 9.2766 7.2667 1.5539 5.7339 2.658 7.8241 3.5807 3.1121 2.3991 7.7225 x 4.2026 9.9107 8.3338 7.292 10.032 2.3964 5.8772 8.1364 8.7659 4.0953 5.0084 8.3567 
6.5632 6.2251 5.6364 3.714 3.5841 0.4756 2.9172 3.5144 5.0673 0.9436 0.7749 6.1066 2.3796 4.5186 4.4231 6.2033 0.611 3.9704 5.1869 3.5971 2.5141 2.3694 3.2291 6.8311 0.8754 6.6687 6.0028 4.3768 3.4615 4.6576 4.6141 4.4769 3.64 4.015 4.2432 6.8336 4.3632 1.5464 3.1483 3.8748 2.1447 4.2173 3.6712 6.2743 3.1685 1.5453 5.944 2.1661 2.5499 5.1159 4.1235 5.1369 1.8141 3.56 6.1197 4.3252 5.0088 7.1172 5.231 3.5044 5.0105 7.5761 5.1193 4.5097 4.9792 2.4523 3.5698 3.7058 3.7061 3.8658 1.0793 6.4529 0.7469 5.5006 4.4858 4.7782 5.6416 5.5859 3.9211 3.081 1.9305 1.566 4.4695 4.7053 2.8428 5.2781 4.3417 4.2026 x 5.8525 4.1413 5.0261 6.5817 1.9322 3.9276 4.2536 6.6176 2.0561 2.6849 4.188 
6.6392 11.7945 1.9588 5.4635 3.5646 6.0379 8.7639 9.1904 8.5019 5.0608 5.7454 3.5962 8.0324 3.5221 1.733 4.4802 6.298 8.8697 8.198 2.7058 6.7829 6.7686 7.4791 7.3747 5.9717 2.3569 8.3883 5.5622 9.2277 8.3113 3.0901 2.7249 3.3591 3.121 6.4714 6.4862 5.8164 4.4447 7.5495 6.0811 4.1651 7.3076 3.4827 6.6981 8.8082 6.9833 8.3074 4.7283 5.5625 2.4959 9.9713 10.7029 6.895 2.2942 4.5526 4.8274 10.8177 7.0497 7.3765 8.5057 9.2174 8.8986 2.1164 1.3437 9.1537 7.5739 8.4382 5.1405 9.041 7.6456 5.7546 2.3764 6.0723 0.8209 7.0249 2.0909 8.687 1.7988 6.0083 8.9315 4.1875 7.2802 3.0952 8.8419 8.4674 10.2469 3.0863 9.9107 5.8525 x 2.0939 8.0826 2.7313 7.7807 7.9539 4.6081 5.7241 6.1184 7.1959 1.8522 
7.0233 10.3223 3.1675 5.025 3.2445 4.4306 6.9695 7.6326 7.829 3.5299 4.2444 4.6105 6.4767 1.7567 1.8834 5.3002 4.675 7.6734 7.6555 2.2483 4.7141 4.71 6.4433 7.6544 4.074 4.0103 8.0829 3.5999 7.6016 7.5475 1.414 3.0096 1.2958 3.0738 6.0327 7.014 3.8346 2.6133 5.4701 5.5899 3.0366 5.2324 3.215 6.9581 6.8723 5.4928 8.0042 2.6752 3.4735 3.242 8.2301 9.2262 4.9071 1.1699 5.3175 2.9052 9.1452 7.5257 7.0737 7.255 8.3013 9.0059 2.935 1.0825 8.2468 5.5615 6.3755 3.0995 7.6644 6.7878 4.3444 3.9188 4.2026 2.2449 4.9827 0.7646 8.1652 3.0179 3.9613 7.1864 2.9159 5.6774 3.3431 7.9341 6.5338 9.0609 3.2546 8.3338 4.1413 2.0939 x 6.0271 4.2243 6.0541 5.8602 2.6832 6.3784 4.9799 5.1315 0.3422 
11.4168 9.1972 9.008 8.622 7.8458 5.4559 5.3512 6.9386 9.9733 5.6331 5.7973 10.1238 6.3238 4.7003 7.5907 10.5325 5.4353 8.3583 10.1626 7.2905 2.5308 2.6872 8.0974 11.7745 4.1514 9.9589 11.0152 2.642 6.601 9.5424 5.1246 8.3252 4.7337 8.063 9.255 11.6189 2.366 4.8496 2.1361 8.8673 6.5389 0.8729 7.8948 11.1723 4.3025 6.1716 10.9589 3.8696 2.9168 8.8205 6.3837 8.3559 3.4198 6.4934 10.4902 3.3795 7.3768 11.9761 10.2566 7.9116 9.6583 12.5995 8.6305 7.0458 9.6461 3.1813 2.6162 2.9426 7.7083 8.7904 6.1022 9.828 4.2876 8.2531 1.0701 6.0489 10.5902 8.8836 2.0747 5.7492 6.241 5.7878 8.5047 9.4223 4.1802 9.353 8.3759 7.292 5.0261 8.0826 6.0271 x 10.0905 5.3397 1.4148 3.5743 11.2519 7.0799 2.4953 6.3288 
4.4818 11.6381 1.0828 4.4819 3.1255 6.5685 9.3753 9.3232 7.3892 5.6439 6.1558 1.2469 8.2511 5.9415 2.5005 2.1455 6.818 8.4473 6.9469 3.024 8.2875 8.2247 6.9607 5.2606 7.0363 0.482 6.8325 7.8063 9.4803 7.3342 5.5437 2.114 5.4737 2.6168 5.2975 4.2005 8.0281 5.6092 9.081 5.0408 4.4579 9.2466 3.0239 4.6647 9.7493 7.2016 6.7557 6.3224 7.2744 1.4674 10.4028 10.6055 8.0978 3.6021 2.2675 7.1274 11.0704 4.7694 5.9136 8.1952 8.3687 6.8584 1.5069 3.142 8.2971 8.8079 9.8343 7.2478 8.8825 6.8626 6.0282 0.3563 7.0674 2.0807 9.0917 4.5735 7.3678 1.2153 8.0804 9.431 4.6514 7.6512 2.2115 8.0112 9.4206 9.7133 2.3201 10.032 6.5817 2.7313 4.2243 10.0905 x 8.3279 9.65 6.9058 3.3878 5.9389 8.656 3.886 
7.4874 4.4688 7.4456 4.7489 5.2263 1.7835 1.0483 1.796 4.8913 2.7613 2.1733 7.7019 0.9877 6.2325 6.3074 7.6374 1.5242 3.0279 5.2122 5.4285 2.9954 2.8376 3.0937 7.5688 2.1303 8.4635 6.1662 5.6049 1.6206 4.4507 6.3921 6.2156 5.4274 5.7143 4.8956 7.8436 5.5075 3.4415 3.2039 4.661 3.8853 4.7199 5.3238 7.1355 1.7918 1.3417 6.1279 3.7889 3.7623 6.8649 2.1916 3.4233 2.0471 5.4867 7.5324 5.7626 3.0942 8.0083 5.6551 2.5952 4.3724 7.9427 6.9172 6.4391 4.3689 2.1637 3.0561 5.0483 2.3851 3.8139 2.3134 8.2354 1.9544 7.4028 5.1757 6.6616 5.5563 7.4114 4.9634 1.1511 3.7357 0.7839 6.1436 4.1789 1.5906 4.0476 6.0242 2.3964 1.9322 7.7807 6.0541 5.3397 8.3279 x 3.9699 5.7463 7.8036 2.7779 2.8758 6.1148 
10.4641 7.7918 8.5825 7.625 7.106 4.3123 3.9368 5.5299 8.709 4.6675 4.6996 9.517 4.9575 4.8827 7.1715 9.8184 4.2488 6.9974 8.9365 6.7046 1.4584 1.5791 6.8376 10.7569 3.0836 9.5835 9.823 3.0858 5.1881 8.2727 5.2619 7.7324 4.6338 7.399 8.1627 10.7076 2.8373 4.1219 0.8035 7.8018 5.7093 1.1426 7.169 10.1893 2.8959 4.9002 9.7712 3.3338 2.4089 8.2872 4.9807 6.9416 2.1735 6.0732 9.7597 3.7026 5.9832 11.0213 9.1214 6.5593 8.3235 11.4711 8.151 6.7754 8.3151 1.8075 1.2382 3.0503 6.3195 7.5452 5.0011 9.4233 3.1824 7.983 1.7426 6.0602 9.3434 8.4766 2.3165 4.3349 5.4203 4.4748 7.8575 8.104 2.7656 7.9552 7.7255 5.8772 3.9276 7.9539 5.8602 1.4148 9.65 3.9699 x 3.8429 10.4159 5.9394 1.2478 6.117 
9.2394 10.2105 5.8419 6.7842 5.3808 4.7085 6.3696 7.5343 9.0719 4.2217 4.785 7.2099 6.5067 1.1285 4.4958 7.8118 4.8615 8.2239 9.0567 4.5394 3.2358 3.3222 7.3558 9.773 3.6535 6.6906 9.697 0.9591 7.3583 8.7049 1.5591 5.4907 1.47 5.4001 7.6776 9.3167 1.2246 3.0196 3.7723 7.232 4.5031 2.9151 5.3907 9.0966 5.8293 5.7968 9.6252 2.0906 2.0357 5.8401 7.6605 9.1689 3.9109 3.5081 7.807 0.2225 8.6792 9.7775 8.7572 7.7579 9.2068 10.9385 5.5683 3.7643 9.1687 4.3346 4.7439 0.8227 7.9132 7.8978 5.026 6.6019 3.8428 4.9117 2.5052 2.5252 9.5537 5.6958 1.5614 6.6969 4.2424 5.719 5.7676 8.8786 5.5342 9.5216 5.656 8.1364 4.2536 4.6081 2.6832 3.5743 6.9058 5.7463 3.8429 x 8.7741 5.9573 3.6255 3.02 
1.1646 9.9059 3.7736 3.0559 3.4447 6.3681 8.7873 8.1494 4.941 5.7673 5.9184 2.1927 7.331 8.0899 4.546 1.2666 6.5454 6.703 4.3903 4.2381 8.9576 8.8425 5.3441 1.9291 7.3733 3.8675 3.9265 9.5045 8.4354 5.062 7.7882 3.3698 7.3274 3.3751 3.2216 0.8139 9.6586 6.403 9.689 3.2607 4.7217 10.3803 3.4148 1.4685 9.5304 6.4718 3.8626 7.4239 8.3468 3.2828 9.48 9.0219 8.4189 5.3089 1.1754 8.9745 9.8684 1.3817 3.2578 6.625 6.1168 3.5219 3.6593 5.4506 6.0441 9.0697 10.1874 8.8208 7.4054 4.9217 5.6605 3.6789 7.315 4.9145 10.4184 6.9954 4.6751 3.9286 9.5112 8.6972 5.0175 7.023 3.0402 5.8247 9.2543 7.6945 3.1387 8.7659 6.6176 5.7241 6.3784 11.2519 3.3878 7.8036 10.4159 8.7741 x 5.027 9.2226 6.0599 
4.7422 5.7647 5.2261 1.9714 2.8489 1.6302 3.7655 3.3927 3.1196 1.7359 1.2972 5.1248 2.3841 5.9297 4.4196 4.9355 1.7021 2.7544 3.1655 3.4363 4.5588 4.4091 1.4705 4.9002 2.9314 6.1677 3.9498 6.2611 3.5842 2.7477 5.8952 3.9153 4.9801 3.3822 2.242 5.0792 6.2883 2.9408 5.1439 1.9315 1.9881 6.2733 2.9522 4.4088 4.5287 1.4457 3.8899 3.924 4.5247 4.5425 4.5724 4.7005 3.7744 3.9976 4.8206 6.0732 5.1492 5.2768 3.1842 2.3902 3.3472 5.5334 4.6988 4.8928 3.298 4.3121 5.4124 5.5537 2.9855 1.9409 0.9988 5.9205 2.7927 5.5284 6.5282 5.7286 3.6409 5.2371 5.8984 3.703 2.0649 1.9961 3.7354 2.9909 4.2721 4.1392 3.6381 4.0953 2.0561 6.1184 4.9799 7.0799 5.9389 2.7779 5.9394 5.9573 5.027 x 4.6917 4.883 
9.2359 7.0199 7.609 6.3915 5.9704 3.0646 3.0742 4.5635 7.4942 3.4574 3.4548 8.4296 3.8498 4.4961 6.2232 8.6767 3.0035 5.8746 7.7057 5.6586 0.4225 0.4344 5.6191 9.516 1.8566 8.6305 8.5835 3.1306 4.2676 7.0605 4.8125 6.6684 4.0238 6.2995 6.9155 9.4897 2.9524 3.0531 0.4674 6.5568 4.5455 1.8458 6.0397 8.955 2.2698 3.6857 8.5307 2.4679 1.7247 7.2514 4.2733 6.0834 0.936 5.1488 8.6108 3.5502 5.3058 9.792 7.8743 5.4234 7.1638 10.2239 7.1492 5.9395 7.1511 0.8099 1.2439 2.8072 5.2599 6.3206 3.7553 8.4535 1.9428 7.1219 2.3324 5.4662 8.1208 7.5161 2.3701 3.4586 4.2646 3.2925 6.7622 6.9271 2.0209 6.9191 6.6298 5.0084 2.6849 7.1959 5.1315 2.4953 8.656 2.8758 1.2478 3.6255 9.2226 4.6917 x 5.3441 
6.7268 10.3221 2.8265 4.8071 2.9863 4.4465 7.0552 7.6486 7.6634 3.515 4.2283 4.2712 6.4885 2.0972 1.5471 4.9694 4.6973 7.6037 7.469 1.9791 4.9307 4.9175 6.3354 7.3691 4.1908 3.6796 7.8647 3.9299 7.6364 7.3957 1.7455 2.6902 1.6107 2.782 5.8226 6.7062 4.1609 2.6919 5.6979 5.3843 2.9112 5.5238 2.9499 6.6721 7.0121 5.4826 7.7854 2.877 3.7169 2.9041 8.3007 9.2251 5.0692 0.9468 4.9893 3.2417 9.1966 7.2232 6.8509 7.1955 8.179 8.7415 2.594 0.7445 8.1226 5.7381 6.5868 3.4127 7.635 6.6487 4.3051 3.5832 4.3081 1.9274 5.2912 0.9851 7.9777 2.6778 4.2699 7.2562 2.8215 5.699 3.0312 7.809 6.6722 8.9934 2.9473 8.3567 4.188 1.8522 0.3422 6.3288 3.886 6.1148 6.117 3.02 6.0599 4.883 5.3441 x 
