50
25
Fpzjeqzi Odwn Xjzgjy Loxibfgciit Rlcjusbi Kkbmpa Alxinscl Axcysshb Ehijjr Nrqvvhnn Zzmggmrt Rggxkb Cceskiha Qwcoizjxe Lovau Rwricvnbd Igshby Ssyawru Nkyu Soitxwqjljm Ekpuftzq Kedteknkea Hhhyikitka Cslqs Xjwp Zxhhgydwg Gfbr Ppfpuzozql Sfjlkhoeq Uwtviuqwyfm Sursacudus Tjkta Comtrqlwu Cicellhex Rsdciuxngg Wdgtqlpnlbm Zzuvd Juovuj Soda Mtfak Nuzhyr Dpfksco Aencxxzj Etkoxb Bxgdlkctc Fzkegsdfmbi Zxnm Frjoo Swiab Zblrhjuvsml 
Cicellhex Frjoo Alxinscl Dpfksco Zblrhjuvsml Igshby Ssyawru Comtrqlwu Kedteknkea Fzkegsdfmbi Mtfak Lovau Cslqs Zxnm Soitxwqjljm Etkoxb Zxhhgydwg Odwn Nrqvvhnn Zzuvd Qwcoizjxe Rsdciuxngg Rwricvnbd Cceskiha Swiab 
Soda
x 39.2047 31.5754 99.7047 86.3135 21.6334 55.9733 75.7695 64.6376 17.2628 85.6155 79.2024 47.0107 83.0061 104.8047 77.8204 65.5516 43.0001 21.8404 67.1864 95.0369 66.2119 52.8016 41.5934 39.0129 115.4211 51.4783 25.0201 43.1857 33.2416 56.0804 71.8472 91.2635 53.4604 79.85 94.3399 73.0069 95.7759 55.6598 102.0001 81.3205 71.3864 102.8835 39.8122 64.4982 58.241 51.4783 9.0555 43.2898 3.1624 
39.2047 x 8.2463 73.3486 47.297 30.4139 19.7991 66.7534 49.0409 23.0869 47.17 59.6826 43.8293 46.6155 76.6617 43.1394 29.7322 5.657 37.1215 29.411 57.8706 57.0702 20.1247 23.0869 3.0001 84.8117 18.7884 45.1775 25.9616 32.2491 45.1222 32.7568 60.0001 17.8046 43.6006 57.4544 43.8293 72.7325 53.7123 67.3574 43.3821 35.847 67.2013 12.0001 27.7309 26.2489 26.2489 40.3114 9.849 36.1249 
31.5754 8.2463 x 75.4719 54.745 22.4723 25.06 64.0313 47.3815 16.6434 54.1203 59.4812 38.8974 52.3547 79.4041 48.0105 34.9858 13.4165 29.1549 37.6432 66.0985 54.0834 23.3453 25.71 9.4341 88.4591 21.9318 37.2157 23.0218 31.0484 42.0477 40.3114 63.6554 25.554 49.2444 63.506 46.4005 73.8242 49.0409 72.4225 49.9801 43.8293 72.7187 16.1246 35.847 33.3018 31.3848 32.1404 16.2789 28.443 
99.7047 73.3486 75.4719 x 56.754 78.6449 55.0274 42.0001 38.0133 90.8021 50.4481 24.0417 58.5919 39.4589 7.0001 36.014 47.0745 75.3924 81.4003 75.1067 87.092 44.1476 53.226 95.2734 76.0593 20.0251 54.562 84.9059 56.5863 105.5463 47.4132 59.0001 18.4392 79.076 40.1124 39.8122 29.5467 9.4869 56.6128 29.069 47.5185 84.0061 34.0589 84.3091 78.3136 87.2984 94.1117 94.3664 80.0563 96.8763 
86.3135 47.297 54.745 56.754 x 73.0617 32.1404 78.4921 61.221 70.3421 6.3247 60.6054 71.6939 17.8886 55.4438 24.2075 25.6321 44.5983 79.2276 26.9073 30.3646 72.6224 37.6564 58.8219 48.0834 56.3206 38.4709 86.5795 54.818 73.2463 65.0001 14.5603 38.3276 38.8331 18.6012 19.2355 38.21 62.394 77.8975 33.3767 10.6302 32.6498 30.0833 51.4297 31.1449 42.4501 52.3451 86.2091 46.5189 83.1866 
21.6334 30.4139 22.4723 78.6449 73.0617 x 41.0001 54.7084 43.0117 21.5871 71.0635 57.6282 25.9616 66.2874 84.0239 60.1665 49.3661 35.847 6.7083 59.6155 88.0228 44.9445 36.2216 44.6543 31.9062 95.1316 35.1284 14.7649 22.8255 43.4167 34.482 59.4139 71.5892 48.0209 63.1507 77.6661 53.2354 74.3304 35.3554 83.5704 66.1892 66.2421 85.0707 37.4834 58.1379 55.6059 52.4024 15.8115 38.6006 19.2355 
55.9733 19.7991 25.06 55.0274 32.1404 41.0001 x 57.2714 38.4839 41.6774 30.1497 45.277 42.202 27.2948 57.6976 23.3453 10.0001 20.5914 47.0957 26.9259 52.0097 48.8775 6.4032 40.3114 22.0228 65.2151 6.7083 54.4519 23.7066 51.6141 38.4188 19.3133 40.497 25.0001 24.1869 38.4839 25.71 55.7316 50.2097 47.6341 25.4952 36.2354 47.7075 29.5297 28.2313 34.1322 39.4589 54.745 25.08 52.8111 
75.7695 66.7534 64.0313 42.0001 78.4921 54.7084 57.2714 x 18.7884 73.9798 72.9179 20.2486 28.7925 61.8467 49.0001 54.562 56.0358 71.3864 54.1296 84.0774 106.2122 10.05 51.6237 89.3589 69.721 62.0082 52.2016 54.0834 41.1097 94.1914 22.0001 72.4225 49.3965 80.6537 60.2081 69.1159 40.361 33.1362 20.8088 64.8461 67.8971 93.472 69.0798 78.6385 85.4928 90.1389 92.7632 67.978 76.2956 73.7361 
64.6376 49.0409 47.3815 38.0133 61.221 43.0117 38.4839 18.7884 x 59.4644 56.0358 14.8662 20.5914 45.6509 44.3848 38.079 37.6432 53.3386 44.5534 65.2994 87.966 11.4019 32.8939 72.0001 52.0385 56.9211 33.5262 47.2018 24.5154 78.2625 9.4341 54.0371 38.0133 62.0968 43.5661 54.4244 24.1662 32.0157 20.0001 53.2354 50.8036 74.6861 56.7187 61.0329 66.7084 71.5682 74.6727 58.1379 58.3096 62.129 
17.2628 23.0869 16.6434 90.8021 70.3421 21.5871 41.6774 73.9798 59.4644 x 70.2283 72.9179 46.0436 68.9639 95.1316 64.6376 51.6237 26.1726 26.4009 50.0401 77.7818 63.9532 39.8247 25.6126 22.3608 104.6519 38.4188 33.2867 35.3413 21.8404 52.3928 55.7854 79.9313 36.2216 65.8636 80.0626 62.2897 88.3234 56.0001 89.0506 66.31 54.1296 89.3589 22.5611 47.2653 41.1097 34.9858 21.6334 26.0769 14.5603 
85.6155 47.17 54.1203 50.4481 6.3247 71.0635 30.1497 72.9179 56.0358 70.2283 x 54.6718 67.6758 11.662 49.2545 18.3849 22.2037 45.1775 77.0001 30.5288 36.688 67.4241 35.0144 60.9591 48.3323 50.6361 36.0001 84.0953 51.6237 75.0001 60.3739 15.6206 32.0157 41.0367 12.728 13.9285 32.5577 56.0804 73.3486 27.8928 5.3853 37.3364 25.08 52.6973 34.67 45.804 55.3174 84.8529 47.7075 82.4622 
79.2024 59.6826 59.4812 24.0417 60.6054 57.6282 45.277 20.2486 14.8662 72.9179 54.6718 x 35.2279 43.1857 30.8059 36.4006 41.1097 63.1982 59.3971 70.6046 89.694 20.2238 41.0001 82.7346 62.6499 43.738 42.012 62.0082 37.5767 90.5208 24.2075 56.8596 29.1549 70.1784 42.012 49.4066 22.8255 17.2048 32.5731 44.5983 50.0001 80.0813 48.8468 71.5682 72.7806 79.4041 84.0061 72.9179 68.1837 76.6095 
47.0107 43.8293 38.8974 58.5919 71.6939 25.9616 42.202 28.7925 20.5914 46.0436 67.6758 35.2279 x 59.2285 64.8846 51.7881 46.0978 49.2444 25.554 67.8824 94.202 19.2355 35.8051 64.5601 46.5189 77.2529 35.6091 26.9073 19.1051 67.1194 11.1804 61.0575 56.7187 60.465 56.5156 69.5846 40.0001 52.431 10.1981 71.1759 62.2978 76.4854 74.0069 54.7815 68.0148 69.642 69.8571 39.4463 53.6657 44.9445 
83.0061 46.6155 52.3547 39.4589 17.8886 66.2874 27.2948 61.8467 45.6509 68.9639 11.662 43.1857 59.2285 x 39.0129 7.6159 17.4643 46.011 71.7009 37.3632 48.1042 56.9387 30.3646 64.0313 48.415 42.3793 31.6229 78.2305 45.0445 77.078 50.9216 20.8807 21.0951 44.9445 3.1624 11.4019 21.6334 44.5983 63.9063 21.401 8.0624 45.5413 20.6156 54.4519 41.1097 51.4783 60.0334 81.0433 49.5178 79.85 
104.8047 76.6617 79.4041 7.0001 55.4438 84.0239 57.6976 49.0001 44.3848 95.1316 49.2545 30.8059 64.8846 39.0129 x 36.8783 49.0409 78.2625 87.092 75.8025 85.5103 50.9903 56.604 97.9899 79.2592 13.0385 57.9829 90.9176 61.6199 108.9083 53.7123 59.4139 18.2484 80.9569 40.1996 37.3632 33.0152 16.2789 63.3247 25.06 47.0001 84.3802 30.0168 87.2068 79.2466 88.7695 96.1354 99.8099 82.7648 101.9118 
77.8204 43.1394 48.0105 36.014 24.2075 60.1665 23.3453 54.562 38.079 64.6376 18.3849 36.4006 51.7881 7.6159 36.8783 x 13.4537 43.4167 65.3071 39.1153 53.6657 49.3965 25.06 62.4341 45.277 42.5442 26.4198 71.5682 38.3276 74.6526 43.3245 23.0218 18.6816 44.3848 5.657 18.0001 14.2128 39.8122 56.3029 24.4132 13.6016 48.0001 25.08 52.2016 42.4265 51.9231 59.6155 75.2729 47.4343 74.6861 
65.5516 29.7322 34.9858 47.0745 25.6321 49.3661 10.0001 56.0358 37.6432 51.6237 22.2037 41.1097 46.0978 17.4643 49.0409 13.4537 x 30.0001 55.0819 29.6143 50.329 48.8366 13.153 49.2444 31.8278 55.7585 14.3179 62.0082 29.428 61.221 40.0001 16.4013 31.3051 32.0157 14.3179 28.7925 19.1051 49.0103 52.6973 37.6432 17.0295 39.0513 37.736 38.8331 32.1404 40.3114 47.1276 63.7888 34.1322 62.394 
43.0001 5.657 13.4165 75.3924 44.5983 35.847 20.5914 71.3864 53.3386 26.1726 45.1775 63.1982 49.2444 46.011 78.2625 43.4167 30.0001 x 42.5442 24.5154 52.8868 61.8467 22.5611 19.925 4.1232 85.7031 21.3777 50.6064 31.0162 31.2411 50.0001 30.0833 61.0575 12.2067 43.1394 56.4005 45.8804 75.4322 59.034 67.179 41.8809 30.4139 66.6034 8.9444 22.4723 20.6156 21.3777 44.9111 5.0001 40.0126 
21.8404 37.1215 29.1549 81.4003 79.2276 6.7083 47.0957 54.1296 44.5534 26.4009 77.0001 59.3971 25.554 71.7009 87.092 65.3071 55.0819 42.5442 x 66.31 94.7049 44.7773 42.012 50.6064 38.5877 98.6155 41.0001 8.0624 27.203 48.1042 35.4684 65.7648 75.644 54.7084 68.5931 83.0242 57.3848 76.42 33.8379 88.2327 72.0279 72.9453 89.989 43.9319 64.8461 62.2014 58.6942 13.8925 45.2218 20.2238 
67.1864 29.411 37.6432 75.1067 26.9073 59.6155 26.9259 84.0774 65.2994 50.0401 30.5288 70.6046 67.8824 37.3632 75.8025 39.1153 29.6143 24.5154 66.31 x 28.4606 75.8025 33.0152 33.106 28.6357 79.6995 32.8025 74.3237 48.7956 47.9271 65.2151 16.4925 57.5588 14.1422 35.6932 44.2946 48.6622 78.1602 76.5769 57.7755 30.0833 9.4869 55.4708 28.1604 4.2427 15.5564 25.6126 69.4263 24.0001 64.2807 
95.0369 57.8706 66.0985 87.092 30.3646 88.0228 52.0097 106.2122 87.966 77.7818 36.688 89.694 94.202 48.1042 85.5103 53.6657 50.329 52.8868 94.7049 28.4606 x 99.1565 58.4124 57.219 57.0089 85.053 58.6004 102.6938 75.4521 71.7009 89.8277 33.9707 68.6805 41.5934 48.3323 48.3736 66.8881 92.6985 102.0687 62.129 40.3114 24.0001 58.0087 55.3264 30.5942 38.0527 47.5185 97.7447 51.7881 92.2281 
66.2119 57.0702 54.0834 44.1476 72.6224 44.9445 48.8775 10.05 11.4019 63.9532 67.4241 20.2238 19.2355 56.9387 50.9903 49.3965 48.8366 61.8467 44.7773 75.8025 99.1565 x 42.9419 79.5111 60.0168 63.9532 43.3821 45.4534 31.2571 84.1488 12.0417 65.1921 47.6761 71.5123 54.9182 65.3912 35.3554 36.4006 13.0385 63.1507 62.2014 85.0883 66.9404 68.8841 76.9416 80.9939 83.1987 58.6687 66.7084 64.0782 
52.8016 20.1247 23.3453 53.226 37.6564 36.2216 6.4032 51.6237 32.8939 39.8247 35.0144 41.0001 35.8051 30.3646 56.604 25.06 13.153 22.5611 42.012 33.0152 58.4124 42.9419 x 42.4501 22.8474 65.1921 1.4143 49.0919 17.4643 52.3547 32.2026 25.4952 40.361 29.428 27.203 41.7613 23.7066 52.8868 43.8407 49.3965 30.0168 42.1901 50.09 31.321 34.0001 38.8331 43.0117 50.6953 27.4592 49.6589 
41.5934 23.0869 25.71 95.2734 58.8219 44.6543 40.3114 89.3589 72.0001 25.6126 60.9591 82.7346 64.5601 64.0313 97.9899 62.4341 49.2444 19.925 50.6064 33.106 57.219 79.5111 42.4501 x 20.0999 104.9572 41.2312 58.1379 48.2598 14.8662 67.476 45.3432 80.5296 20.0001 61.4004 73.5528 65.7876 95.3363 74.7263 85.4284 58.6942 33.3767 84.2913 11.1804 29.1549 19.2355 10.1981 47.2018 15.2316 39.4463 
39.0129 3.0001 9.4341 76.0593 48.0834 31.9062 22.0228 69.721 52.0385 22.3608 48.3323 62.6499 46.5189 48.415 79.2592 45.277 31.8278 4.1232 38.5877 28.6357 57.0089 60.0168 22.8474 20.0999 x 87.201 21.5408 46.6477 28.8618 29.6817 48.0522 33.5262 62.4261 16.1246 45.4534 59.0763 46.5189 75.5845 56.4625 69.3543 44.7773 34.4385 69.0291 9.0001 26.5708 24.0417 23.4095 40.7923 7.2112 36.0001 
115.4211 84.8117 88.4591 20.0251 56.3206 95.1316 65.2151 62.0082 56.9211 104.6519 50.6361 43.738 77.2529 42.3793 13.0385 42.5442 55.7585 85.7031 98.6155 79.6995 85.053 63.9532 65.1921 104.9572 87.201 x 66.6034 102.8592 72.4225 116.829 66.1288 63.2457 24.8396 86.7641 44.3848 37.1215 42.5207 29.069 76.1578 23.0218 49.7294 87.5558 27.0741 94.5781 83.4866 93.7764 101.9805 110.9415 89.8889 112.4456 
51.4783 18.7884 21.9318 54.562 38.4709 35.1284 6.7083 52.2016 33.5262 38.4188 36.0001 42.012 35.6091 31.6229 57.9829 26.4198 14.3179 21.3777 41.0001 32.8025 58.6004 43.3821 1.4143 41.2312 21.5408 66.6034 x 48.1665 17.0001 51.0001 32.4501 26.0001 41.7733 28.6357 28.4606 43.0117 25.06 54.1203 43.8635 50.7741 31.0645 41.8809 51.4297 30.0833 33.6156 38.079 42.0001 49.4774 26.306 48.3323 
25.0201 45.1775 37.2157 84.9059 86.5795 14.7649 54.4519 54.0834 47.2018 33.2867 84.0953 62.0082 26.9073 78.2305 90.9176 71.5682 62.0082 50.6064 8.0624 74.3237 102.6938 45.4534 49.0919 58.1379 46.6477 102.8592 48.1665 x 33.2416 54.562 37.8022 73.3486 80.6537 62.7695 75.1666 89.454 62.6419 79.2024 33.2867 93.8617 79.0254 81.0063 95.9011 51.8557 72.8973 70.2141 66.4832 16.0001 53.2542 24.3312 
43.1857 25.9616 23.0218 56.5863 54.818 22.8255 23.7066 41.1097 24.5154 35.3413 51.6237 37.5767 19.1051 45.0445 61.6199 38.3276 29.428 31.0162 27.203 48.7956 75.4521 31.2571 17.4643 48.2598 28.8618 72.4225 17.0001 33.2416 x 53.7588 19.2355 42.9536 48.7648 41.6774 42.012 56.2229 30.4139 53.2542 28.302 61.0329 46.3898 57.3848 62.8173 37.6564 48.9184 51.0001 52.2016 38.5877 35.7352 40.3114 
33.2416 32.2491 31.0484 105.5463 73.2463 43.4167 51.6141 94.1914 78.2625 21.8404 75.0001 90.5208 67.1194 77.078 108.9083 74.6526 61.221 31.2411 48.1042 47.9271 71.7009 84.1488 52.3547 14.8662 29.6817 116.829 51.0001 54.562 53.7588 x 72.2497 59.4055 92.087 34.482 74.2766 87.115 76.0593 104.5467 77.2335 98.3515 72.3465 48.0522 97.5911 22.6275 44.0115 33.956 24.1869 40.8045 27.5863 32.0157 
56.0804 45.1222 42.0477 47.4132 65.0001 34.482 38.4188 22.0001 9.4341 52.3928 60.3739 24.2075 11.1804 50.9216 53.7123 43.3245 40.0001 50.0001 35.4684 65.2151 89.8277 12.0417 32.2026 67.476 48.0522 66.1288 32.4501 37.8022 19.2355 72.2497 x 55.9733 46.1737 60.0084 48.4666 60.6384 30.4139 41.4006 13.0001 61.0001 55.0092 74.3304 64.125 56.886 66.038 69.4623 71.3093 49.2038 54.818 53.7123 
71.8472 32.7568 40.3114 59.0001 14.5603 59.4139 19.3133 72.4225 54.0371 55.7854 15.6206 56.8596 61.0575 20.8807 59.4139 23.0218 16.4013 30.0833 65.7648 16.4925 33.9707 65.1921 25.4952 45.3432 33.5262 63.2457 26.0001 73.3486 42.9536 59.4055 55.9733 x 41.1948 25.4559 19.2355 28.6008 34.1761 62.6499 68.4106 41.5934 13.8925 25.0201 39.6612 37.2157 20.2486 30.887 40.0001 72.0279 32.2491 68.7315 
91.2635 60.0001 63.6554 18.4392 38.3276 71.5892 40.497 49.3965 38.0133 79.9313 32.0157 29.1549 56.7187 21.0951 18.2484 18.6816 31.3051 61.0575 75.644 57.5588 68.6805 47.6761 40.361 80.5296 62.4261 24.8396 41.7733 80.6537 48.7648 92.087 46.1737 41.1948 x 62.9683 22.0228 22.2037 18.3577 24.6983 58.0087 15.5243 29.1549 66.1892 19.6978 69.9715 61.0001 70.6046 78.1858 87.3213 65.3683 88.2327 
53.4604 17.8046 25.554 79.076 38.8331 48.0209 25.0001 80.6537 62.0968 36.2216 41.0367 70.1784 60.465 44.9445 80.9569 44.3848 32.0157 12.2067 54.7084 14.1422 41.5934 71.5123 29.428 20.0001 16.1246 86.7641 28.6357 62.7695 41.6774 34.482 60.0084 25.4559 62.9683 x 42.5442 53.9074 50.3588 80.5048 69.9715 66.2874 39.0513 18.3849 64.8152 14.0358 11.0455 9.4869 15.2316 56.3206 10.1981 50.6361 
79.85 43.6006 49.2444 40.1124 18.6012 63.1507 24.1869 60.2081 43.5661 65.8636 12.728 42.012 56.5156 3.1624 40.1996 5.657 14.3179 43.1394 68.5931 35.6932 48.3323 54.9182 27.203 61.4004 45.4534 44.3848 28.4606 75.1666 42.012 74.2766 48.4666 19.2355 22.0228 42.5442 x 14.5603 19.8495 44.6431 61.4655 24.0833 8.0624 44.1815 23.6009 51.6625 39.2939 49.3965 57.7063 77.8846 46.7548 76.6943 
94.3399 57.4544 63.506 39.8122 19.2355 77.6661 38.4839 69.1159 54.4244 80.0626 13.9285 49.4066 69.5846 11.4019 37.3632 18.0001 28.7925 56.4005 83.0242 44.2946 48.3736 65.3912 41.7613 73.5528 59.0763 37.1215 43.0117 89.454 56.2229 87.115 60.6384 28.6008 22.2037 53.9074 14.5603 x 30.3646 46.8723 73.4984 14.1422 14.8662 51.2641 11.1804 64.5369 48.3736 59.3634 68.6004 92.4447 59.5484 91.1812 
73.0069 43.8293 46.4005 29.5467 38.21 53.2354 25.71 40.361 24.1662 62.2897 32.5577 22.8255 40.0001 21.6334 33.0152 14.2128 19.1051 45.8804 57.3848 48.6622 66.8881 35.3554 23.7066 65.7876 46.5189 42.5207 25.06 62.6419 30.4139 76.0593 30.4139 34.1761 18.3577 50.3588 19.8495 30.3646 x 30.1497 43.1742 31.4007 27.5863 58.0518 34.0148 54.7815 51.2446 59.0763 65.1154 68.9639 50.5965 70.0001 
95.7759 72.7325 73.8242 9.4869 62.394 74.3304 55.7316 33.1362 32.0157 88.3234 56.0804 17.2048 52.431 44.5983 16.2789 39.8122 49.0103 75.4322 76.42 78.1602 92.6985 36.4006 52.8868 95.3363 75.5845 29.069 54.1203 79.2024 53.2542 104.5467 41.4006 62.6499 24.6983 80.5048 44.6431 46.8723 30.1497 x 49.2444 37.5367 52.4977 87.3671 42.4501 84.2022 81.0248 89.2021 95.1894 89.8054 80.2809 93.0861 
55.6598 53.7123 49.0409 56.6128 77.8975 35.3554 50.2097 20.8088 20.0001 56.0001 73.3486 32.5731 10.1981 63.9063 63.3247 56.3029 52.6973 59.034 33.8379 76.5769 102.0687 13.0385 43.8407 74.7263 56.4625 76.1578 43.8635 33.2867 28.302 77.2335 13.0001 68.4106 58.0087 69.9715 61.4655 73.4984 43.1742 49.2444 x 73.1711 67.978 85.4284 76.5311 64.8461 77.0066 79.2592 79.85 47.5396 63.5611 53.8517 
102.0001 67.3574 72.4225 29.069 33.3767 83.5704 47.6341 64.8461 53.2354 89.0506 27.8928 44.5983 71.1759 21.401 25.06 24.4132 37.6432 67.179 88.2327 57.7755 62.129 63.1507 49.3965 85.4284 69.3543 23.0218 50.7741 93.8617 61.0329 98.3515 61.0001 41.5934 15.5243 66.2874 24.0833 14.1422 31.4007 37.5367 73.1711 x 27.7309 65.1461 5.0001 75.7431 61.7415 72.4708 81.302 99.0052 70.8379 98.8839 
81.3205 43.3821 49.9801 47.5185 10.6302 66.1892 25.4952 67.8971 50.8036 66.31 5.3853 50.0001 62.2978 8.0624 47.0001 13.6016 17.0295 41.8809 72.0279 30.0833 40.3114 62.2014 30.0168 58.6942 44.7773 49.7294 31.0645 79.0254 46.3898 72.3465 55.0092 13.8925 29.1549 39.0513 8.0624 14.8662 27.5863 52.4977 67.978 27.7309 x 37.8551 25.8071 49.8198 34.0148 44.7773 53.8239 80.231 44.822 78.1602 
71.3864 35.847 43.8293 84.0061 32.6498 66.2421 36.2354 93.472 74.6861 54.1296 37.3364 80.0813 76.4854 45.5413 84.3802 48.0001 39.0513 30.4139 72.9453 9.4869 24.0001 85.0883 42.1901 33.3767 34.4385 87.5558 41.8809 81.0063 57.3848 48.0522 74.3304 25.0201 66.1892 18.3849 44.1815 51.2641 58.0518 87.3671 85.4284 65.1461 37.8551 x 62.394 31.5754 8.4854 14.1422 24.0417 74.6325 28.4606 68.6587 
102.8835 67.2013 72.7187 34.0589 30.0833 85.0707 47.7075 69.0798 56.7187 89.3589 25.08 48.8468 74.0069 20.6156 30.0168 25.08 37.736 66.6034 89.989 55.4708 58.0087 66.9404 50.09 84.2913 69.0291 27.0741 51.4297 95.9011 62.8173 97.5911 64.125 39.6612 19.6978 64.8152 23.6009 11.1804 34.0148 42.4501 76.5311 5.0001 25.8071 62.394 x 74.9668 59.54 70.4912 79.6305 100.3046 70.0072 99.7448 
39.8122 12.0001 16.1246 84.3091 51.4297 37.4834 29.5297 78.6385 61.0329 22.5611 52.6973 71.5682 54.7815 54.4519 87.2068 52.2016 38.8331 8.9444 43.9319 28.1604 55.3264 68.8841 31.321 11.1804 9.0001 94.5781 30.0833 51.8557 37.6564 22.6275 56.886 37.2157 69.9715 14.0358 51.6625 64.5369 54.7815 84.2022 64.8461 75.7431 49.8198 31.5754 74.9668 x 25.0001 18.7884 15.2644 43.4627 5.0001 37.1081 
64.4982 27.7309 35.847 78.3136 31.1449 58.1379 28.2313 85.4928 66.7084 47.2653 34.67 72.7806 68.0148 41.1097 79.2466 42.4265 32.1404 22.4723 64.8461 4.2427 30.5942 76.9416 34.0001 29.1549 26.5708 83.4866 33.6156 72.8973 48.9184 44.0115 66.038 20.2486 61.0001 11.0455 39.2939 48.3736 51.2446 81.0248 77.0066 61.7415 34.0148 8.4854 59.54 25.0001 x 11.3138 21.401 67.1864 21.2133 61.6605 
58.241 26.2489 33.3018 87.2984 42.4501 55.6059 34.1322 90.1389 71.5682 41.1097 45.804 79.4041 69.642 51.4783 88.7695 51.9231 40.3114 20.6156 62.2014 15.5564 38.0527 80.9939 38.8331 19.2355 24.0417 93.7764 38.079 70.2141 51.0001 33.956 69.4623 30.887 70.6046 9.4869 49.3965 59.3634 59.0763 89.2021 79.2592 72.4708 44.7773 14.1422 70.4912 18.7884 11.3138 x 10.2957 62.2416 17.0295 55.6598 
51.4783 26.2489 31.3848 94.1117 52.3451 52.4024 39.4589 92.7632 74.6727 34.9858 55.3174 84.0061 69.8571 60.0334 96.1354 59.6155 47.1276 21.3777 58.6942 25.6126 47.5185 83.1987 43.0117 10.1981 23.4095 101.9805 42.0001 66.4832 52.2016 24.1869 71.3093 40.0001 78.1858 15.2316 57.7063 68.6004 65.1154 95.1894 79.85 81.302 53.8239 24.0417 79.6305 15.2644 21.401 10.2957 x 56.604 16.4925 49.1936 
9.0555 40.3114 32.1404 94.3664 86.2091 15.8115 54.745 67.978 58.1379 21.6334 84.8529 72.9179 39.4463 81.0433 99.8099 75.2729 63.7888 44.9111 13.8925 69.4263 97.7447 58.6687 50.6953 47.2018 40.7923 110.9415 49.4774 16.0001 38.5877 40.8045 49.2038 72.0279 87.3213 56.3206 77.8846 92.4447 68.9639 89.8054 47.5396 99.0052 80.231 74.6325 100.3046 43.4627 67.1864 62.2416 56.604 x 46.1737 8.9444 
43.2898 9.849 16.2789 80.0563 46.5189 38.6006 25.08 76.2956 58.3096 26.0769 47.7075 68.1837 53.6657 49.5178 82.7648 47.4343 34.1322 5.0001 45.2218 24.0001 51.7881 66.7084 27.4592 15.2316 7.2112 89.8889 26.306 53.2542 35.7352 27.5863 54.818 32.2491 65.3683 10.1981 46.7548 59.5484 50.5965 80.2809 63.5611 70.8379 44.822 28.4606 70.0072 5.0001 21.2133 17.0295 16.4925 46.1737 x 40.4476 
3.1624 36.1249 28.443 96.8763 83.1866 19.2355 52.8111 73.7361 62.129 14.5603 82.4622 76.6095 44.9445 79.85 101.9118 74.6861 62.394 40.0126 20.2238 64.2807 92.2281 64.0782 49.6589 39.4463 36.0001 112.4456 48.3323 24.3312 40.3114 32.0157 53.7123 68.7315 88.2327 50.6361 76.6943 91.1812 70.0001 93.0861 53.8517 98.8839 78.1602 68.6587 99.7448 37.1081 61.6605 55.6598 49.1936 8.9444 40.4476 x 
