100
50
Ctcpo Dvkengy Ysewmskoybr Aoprcqok Atqvermofb Byhfh Neunpshaij Yqbgxc Cnghhfyxvw Cpqgnostqp Zikahsfbvc Cdzarzwgi Pkxlsf Xxzdgjwypgx Bptib Gabvpw Utqxps Afgzwdhojj Gmtbonpvtq Xpnhltnxt Ofbtwan Ddowu Jpqvtchlad Hceoiwym Kxtyo Kjww Fobjph Gdktlmb Ebrgr Ffeujif Uhdyviya Wjjfdmacoht Wobzxdjk Qyanqcljdt Hubvrmryv Petypvfz Wmyd Sgnntw Wnedoytc Brtup Evxnnilw Bfutjkf Soda Hqsahxxs Oqsx Kkatxxl Ueiu Vqizb Qehrgvpfb Iuow Jxggwqjjchf Gizevz Zbvsgrcy Tobg Wpoexisrg Teynpvoo Zjldesz Ndnzveg Rdrpsmziafa Kpkemssh Lmihunnuftk Vndakzu Jsobkrbtk Uirssm Dyfyjuk Cigygupqvub Oxypijmxovp Zqeol Qtjfwaaoxc Hgicrjlv Xxlcxxhnqyi Iielswogk Mrtw Nofsmf Dedydeh Gqhtubwzd Wocty Iiekueomj Kgtaad Qoksfnle Niyhcbjvpj Bubhyaho Pdtwp Jtocenbisd Wjuoghgbb Epkshtxtc Altitn Stwphekkmgn Lugoaxohhgd Xcmimyzu Iivtp Hkrwe Klirelgp Opmbwspuba Fskq Vxdbumgydul Yfjmjlvmed Gzmsg Anwoaoexmjt Mifjujcx 
Hkrwe Kkatxxl Wjjfdmacoht Bfutjkf Hubvrmryv Oxypijmxovp Petypvfz Wjuoghgbb Stwphekkmgn Utqxps Ffeujif Iielswogk Pkxlsf Lmihunnuftk Uhdyviya Aoprcqok Qyanqcljdt Klirelgp Qehrgvpfb Opmbwspuba Teynpvoo Tobg Evxnnilw Zikahsfbvc Atqvermofb Sgnntw Altitn Kpkemssh Ebrgr Fskq Kgtaad Ueiu Gizevz Wnedoytc Cnghhfyxvw Vqizb Wpoexisrg Gabvpw Byhfh Ctcpo Fobjph Ofbtwan Gmtbonpvtq Neunpshaij Jtocenbisd Uirssm Dyfyjuk Bptib Rdrpsmziafa Jsobkrbtk 
Soda
x 72.9933 75.1333 71.8402 11.1804 49.2444 12.3694 73.0275 72.4432 26.4198 45.6071 67.1194 59.0763 8.0624 13.4165 58.0518 7.6159 82.0062 20.0999 26.6272 29.069 86.3135 39.4589 41.6174 14.3179 26.9073 53.2636 57.7236 34.9286 68.6805 16.2789 38.1839 59.4391 82.0245 105.7593 61.0738 45.0001 40.2617 45.1775 10.6302 43.1857 23.4095 80.9569 61.8467 76.1644 64.6608 54.818 63.0001 26.6272 35.1284 107.7127 80.9198 44.3848 42.3793 82.8554 3.1624 48.0938 70.0358 63.8906 82.0001 70.4558 93.3489 69.8356 81.3205 104.0193 69.2316 46.8189 84.2201 97.2472 26.9073 23.2595 53.6005 84.5814 103.2377 61.7172 18.8681 81.5844 78.4475 28.6532 60.877 46.011 62.0082 61.7415 98.7169 39.2939 20.5184 82.1524 60.6713 78.7719 31.0001 50.2495 21.9318 32.0001 31.0162 67.0672 84.4809 32.8025 76.5377 43.1046 25.0001 
72.9933 x 2.2362 32.1404 61.8143 102.4159 73.0549 10.05 4.0001 68.6004 53.8146 45.8804 72.4018 78.3391 85.907 15.0334 77.3693 12.2067 70.4558 56.8244 84.5992 76.1184 93.1934 52.3451 85.2116 52.3451 65.2151 30.5288 72.8012 61.6848 84.0061 59.5484 110.1137 17.2048 80.5048 56.798 29.5467 80.2809 33.2416 80.1562 33.1211 53.8517 37.3364 56.365 17.4643 49.0409 32.2026 15.0001 87.5729 83.4866 83.4866 64.7766 76.3807 41.2312 45.1775 70.2141 28.302 24.1869 32.8939 15.6206 4.4722 79.3096 82.2983 12.5301 76.6552 25.3181 28.2844 75.5051 62.1692 52.3451 62.6499 103.0777 47.2653 85.006 67.1194 60.1665 29.1205 5.8311 47.0426 29.9667 28.2313 69.8356 82.0976 75.1067 34.0589 58.0776 86.9771 12.3694 83.2167 83.8631 91.2854 70.6613 41.7613 43.0117 15.8115 24.1869 46.6906 98.1123 30.3646 66.0985 
75.1333 2.2362 x 33.3767 63.9532 104.6232 75.2729 11.0455 5.3853 70.8309 55.9018 47.4343 74.3304 80.5234 88.0739 17.1173 79.5551 10.2957 72.3396 59.0594 86.8333 77.4662 95.415 54.4886 87.2813 54.2311 67.2013 32.4501 75.0001 63.3247 86.0234 61.7172 112.2944 17.0001 81.302 58.5919 31.7806 82.4622 34.9286 82.2193 35.3554 56.0804 38.1183 58.1379 18.1109 50.6953 34.2054 17.0295 89.454 85.7031 84.2913 66.0985 78.5176 43.4167 46.0436 72.3672 30.5288 25.4952 34.5399 15.2644 6.4032 80.5048 84.1191 10.7704 77.4146 26.6834 30.1497 76.9026 62.8014 54.2311 64.4982 105.2617 48.0938 86.0059 68.9639 62.394 29.6143 3.6057 49.0103 31.7649 30.4632 71.6939 84.0537 76.0264 36.1249 60.0334 88.6003 14.5603 84.8647 86.0931 93.4346 72.8973 43.966 45.2218 17.4643 24.1662 48.5078 99.9851 32.5731 67.8971 
71.8402 32.1404 33.3767 x 62.0323 84.7586 66.4832 22.3608 28.1604 56.0804 33.956 15.6206 46.2278 74.1486 82.2011 33.2416 73.1643 43.1742 78.0321 47.2653 71.5682 44.1476 77.3693 35.2279 86.0234 62.0082 40.8168 14.3179 56.294 31.6229 86.7296 42.5794 90.3771 22.2037 49.4774 29.069 31.2411 61.984 50.2196 81.5967 30.5288 48.5078 9.4341 28.3197 16.553 19.7991 17.0881 20.8807 93.915 67.6832 52.3928 32.7568 56.0804 29.6143 14.7649 68.6805 27.0186 8.0001 8.0624 23.8538 28.018 47.17 53.9074 43.9319 45.8804 7.0712 43.8293 43.6808 32.6498 62.0082 71.8472 83.7736 17.0001 53.1508 39.6233 53.9352 11.7048 35.9027 55.6059 11.1804 31.1449 42.4501 56.0804 43.5661 43.1394 65.1921 56.3561 30.3646 52.8395 69.8714 70.6825 60.0001 42.0596 42.4854 17.1173 18.6012 58.7283 70.1784 34.7132 76.0264 
11.1804 61.8143 63.9532 62.0323 x 54.6261 16.1246 62.0001 61.2945 25.08 39.0513 58.8219 55.5429 17.493 24.3517 46.8723 16.6434 70.8803 20.1247 20.2486 33.6156 80.8023 44.3848 34.7132 24.3312 18.3577 48.7648 47.7599 34.1322 62.4821 24.6983 33.1211 64.6221 71.1127 98.995 54.562 34.0589 41.0123 34.67 19.647 32.5577 14.8662 71.3093 55.2269 65.3759 56.8508 44.9445 52.0385 32.8025 37.8551 101.1386 74.2766 43.4167 33.1211 73.8242 8.5441 37.3364 59.6658 54.2311 71.0283 59.3044 87.6186 67.0672 70.2141 96.9382 58.9407 35.847 78.8163 89.0506 18.3577 19.0264 58.1894 75.6638 97.3089 56.9387 13.0001 71.3093 67.2682 18.4392 50.9216 35.0144 57.7063 59.9084 91.924 28.1604 13.3418 78.791 49.4976 75.1533 34.7852 52.3451 22.0908 21.0951 20.2238 56.2229 73.8242 23.4308 75.954 32.0157 22.3608 
49.2444 102.4159 104.6232 84.7586 54.6261 x 38.6265 97.7549 100.125 34.6555 51.0785 71.8054 44.0115 41.5934 42.012 90.0279 41.7733 114.0176 69.2316 46.6691 21.0239 71.5892 10.2957 51.0001 54.0371 72.9179 45.5413 75.1333 29.6817 62.0323 59.0086 43.4167 10.1981 103.7546 94.1489 58.6942 73.7565 22.8474 85.8022 55.0819 69.6564 51.8557 90.9561 59.6826 97.0465 67.4686 72.4708 88.2044 70.1143 19.1051 94.8315 73.1096 28.8618 61.2945 88.2837 49.0409 74.2025 87.7269 77.621 104.6567 98.4734 78.3391 46.8403 113.8509 94.3664 86.4061 84.3861 69.4263 95.0054 72.9179 72.125 5.8311 88.9551 87.6414 51.0099 46.6155 96.4625 108.2267 71.6939 77.3887 75.1666 49.0103 37.8551 88.2837 75.9277 67.7792 58.3096 91.0495 56.9211 20.2486 16.1246 34.4094 64.4439 63.0318 90.0501 102.6938 77.4146 42.202 74.2766 74.216 
12.3694 73.0549 75.2729 66.4832 16.1246 38.6265 x 71.3864 71.8402 14.8662 36.6743 59.4644 47.6341 8.6024 16.1556 58.6942 7.8103 83.2587 32.0157 19.2355 17.7201 75.7431 28.4606 33.2416 24.0833 34.482 42.4501 53.0378 22.8255 58.8219 27.4592 28.302 48.7033 79.6305 96.0209 51.6237 43.6808 27.8928 49.5783 21.9546 40.7923 19.4166 75.1333 52.4787 73.3349 56.4625 50.0401 61.1883 38.4709 23.0001 97.8009 71.2812 32.2026 37.0541 75.9606 11.0001 45.8913 66.0001 58.421 79.9063 69.9215 82.8795 57.9829 82.7648 94.5781 65.0078 49.6489 73.5936 89.0506 34.482 33.7344 42.4501 77.492 92.8494 50.9314 13.153 77.1039 78.7719 34.0589 56.0804 44.9223 50.9314 49.6489 89.0506 41.3402 29.1549 70.4558 60.7455 67.2013 19.2355 38.0527 10.0001 31.3848 30.0833 64.6298 81.0556 39.4082 64.1951 42.7201 36.2216 
73.0275 10.05 11.0455 22.3608 62.0001 97.7549 71.3864 x 6.0829 65.0001 47.6341 36.7697 64.8152 77.5243 85.3757 18.3577 76.5311 20.8807 73.2463 53.7588 81.1543 66.4907 89.0057 46.8723 86.0931 55.3625 58.0518 23.3453 68.0956 52.8016 85.4752 54.3784 104.8619 9.849 70.4558 48.549 28.0714 75.1666 38.079 81.1543 30.5942 51.9712 27.2948 48.0209 7.6159 40.2493 25.6126 10.1981 90.2442 79.1771 73.4371 55.1091 70.6046 36.6743 35.1284 70.0644 25.4952 14.5603 24.1869 9.2196 6.7083 69.4623 74.0946 21.5871 66.6109 15.8115 32.2026 65.9698 52.1729 55.3625 65.8028 97.9082 37.2157 75.0001 59.0763 58.2496 19.3133 13.6016 49.4774 22.0228 27.0186 61.8548 74.6526 65.0693 35.9027 60.4153 78.0001 14.7649 74.3237 80.1125 85.6038 67.6758 41.0489 42.1071 7.8103 15.5564 50.329 90.1389 30.0168 69.5702 
72.4432 4.0001 5.3853 28.1604 61.2945 100.125 71.8402 6.0829 x 66.6484 50.9118 42.0596 69.0653 77.4662 85.1588 15.2972 76.4854 15.6526 71.0212 55.0365 82.7346 72.1804 91.066 49.6791 85.0236 52.9529 62.0082 27.203 70.4558 57.9397 84.0537 57.0089 107.6152 14.1422 76.5311 53.2354 28.1604 77.8011 34.5399 80.0063 31.3848 52.4977 33.3767 52.7732 13.6016 45.3101 29.069 12.0417 88.1193 81.302 79.5111 60.8277 73.6615 38.8331 41.1948 69.5846 26.4009 20.2238 29.1549 12.8063 2.0001 75.3261 78.7719 16.1556 72.6912 21.3777 29.1205 71.5892 58.2496 52.9529 63.3483 100.6033 43.2898 81.0063 63.6319 58.8219 25.2983 8.6024 47.3815 26.4198 26.9259 66.3703 78.8163 71.1127 34.0589 58.421 83.2167 12.0417 79.4797 81.8842 88.6173 68.9421 40.7923 41.9763 12.0831 20.8088 47.5396 94.6679 29.428 66.9404 
26.4198 68.6004 70.8309 56.0804 25.08 34.6555 14.8662 65.0001 66.6484 x 23.5373 46.8723 32.8025 23.3453 30.2325 55.6059 22.6275 79.8813 44.3848 12.0417 16.1556 60.9591 24.8396 21.0239 38.9488 41.5934 27.6587 43.9319 9.0555 44.4186 42.202 14.5603 43.6006 72.125 81.5415 37.5767 39.4082 16.2789 51.6237 36.6198 35.5107 17.493 64.0313 38.4839 65.5211 43.4167 41.0001 55.0365 53.0001 15.6206 83.2347 56.9387 18.4392 28.4606 63.7888 24.1662 40.3114 57.0702 48.1665 72.7325 64.8846 68.1176 43.4167 79.6305 80.2622 55.9018 49.8198 58.7964 75.6109 41.5934 44.1023 36.6198 65.1154 78.1026 36.1249 13.3418 67.3648 74.4313 38.8974 46.6906 40.8045 36.0695 35.4684 74.6258 41.4006 38.0133 55.7585 56.8596 52.431 15.2644 28.1604 5.0001 29.833 28.4254 57.5848 72.3672 44.9223 50.9903 39.699 47.3815 
45.6071 53.8146 55.9018 33.956 39.0513 51.0785 36.6743 47.6341 50.9118 23.5373 x 23.3453 21.2133 45.1775 52.8016 44.2946 44.2946 65.947 58.8219 19.1051 38.0133 41.8809 43.4167 4.4722 59.6407 48.7033 13.153 24.4132 22.3608 23.4308 61.8467 9.0555 57.4544 52.8395 60.2081 15.5564 29.411 28.2313 49.1631 56.2229 25.0001 24.4132 41.1097 16.2789 46.1412 19.925 22.0228 38.8974 71.4214 33.7344 62.2416 35.3837 23.0218 14.5603 40.3114 42.6381 27.7309 36.6743 26.5708 53.8517 49.5178 48.6005 33.0607 66.0682 58.4124 35.3413 44.7215 39.9626 52.3928 48.7033 55.4708 50.6064 41.5934 58.2581 19.4166 26.9073 45.6071 59.4139 43.4167 26.4198 30.6758 21.0951 29.7322 53.1508 38.0527 48.3012 42.5794 44.1023 38.6395 36.1249 38.0133 28.1604 28.2844 27.4592 39.8247 51.6237 49.0307 46.8403 31.7806 59.54 
67.1194 45.8804 47.4343 15.6206 58.8219 71.8054 59.4644 36.7697 42.0596 46.8723 23.3453 x 31.0645 67.7792 75.6109 43.0466 66.8507 57.5848 77.1558 40.7186 61.0738 31.0001 65.3759 26.2489 81.4126 63.4115 26.5708 18.2484 45.0001 16.1246 83.0061 32.3884 76.5507 37.8022 42.1901 13.8925 34.9286 49.4976 56.3029 77.5243 32.2491 44.1023 19.3133 13.0385 31.9062 4.4722 18.9738 32.2491 91.608 56.0804 44.7773 20.2238 42.9536 26.1726 17.0295 64.0079 31.0162 22.3608 13.153 39.4082 41.485 35.5107 38.2885 58.1894 39.4082 21.0239 50.2893 30.0667 30.2325 63.4115 72.1804 70.2141 18.2484 43.3245 24.2075 48.3012 26.4009 50.329 57.2015 17.0001 35.4684 27.0186 40.8045 35.3554 46.9575 65.0693 41.2312 41.0123 37.5767 59.0086 56.9211 51.4199 41.8689 41.7733 30.0833 33.9707 61.5874 54.562 38.4839 76.42 
59.0763 72.4018 74.3304 46.2278 55.5429 44.0115 47.6341 64.8152 69.0653 32.8025 21.2133 31.0645 x 55.9733 62.2416 64.6221 55.3174 84.5992 75.644 35.7352 40.3114 29.5297 40.2617 25.0201 71.7009 68.2496 8.0624 41.8809 25.4952 18.2484 75.0001 22.8036 46.8723 67.8971 51.6237 17.2048 50.4481 25.08 70.3492 69.4047 46.0978 42.4501 50.12 18.0279 61.5225 26.6272 40.3114 57.4544 85.7031 33.106 52.8016 29.1549 17.8886 35.6932 45.8804 56.604 48.384 51.6237 41.0367 69.2966 67.956 36.7152 12.0417 84.9059 51.2446 50.2097 65.9243 27.2948 51.0001 68.2496 73.6818 41.1948 46.1737 46.6477 7.2802 42.5442 57.4283 77.6661 63.506 42.802 51.6625 5.0001 9.8996 45.2218 59.2116 66.7609 23.2595 63.9767 19.7232 37.59 28.018 37.6432 49.0103 48.0417 57.2015 64.8152 69.3543 26.0001 52.9529 77.492 
8.0624 78.3391 80.5234 74.1486 17.493 41.5934 8.6024 77.5243 77.4662 23.3453 45.1775 67.7792 55.9733 x 8.0624 63.6004 1.0001 87.9205 27.6587 27.203 22.0908 84.2913 32.0625 41.6294 15.8115 34.6555 50.9903 60.4071 30.8059 67.4241 19.6978 36.8918 51.7881 86.1453 104.6232 60.2081 49.4976 34.9286 52.1537 14.5603 47.0957 26.0193 82.976 61.0575 80.0251 64.8846 57.4283 67.3648 31.0162 28.8618 106.4003 79.8813 39.9626 44.5534 84.1191 9.2196 52.1537 73.1711 66.0985 86.2845 75.5051 91.4386 66.0304 87.3156 103.1747 72.2497 53.226 82.1341 97.5091 34.6555 31.3051 46.1737 85.7031 101.4151 59.4644 20.2238 84.4809 83.9346 35.8051 63.506 50.6361 59.3971 57.4544 97.6525 45.3101 28.4254 78.6004 65.9698 75.4322 24.3312 43.9319 18.3849 36.6743 35.5107 71.1127 88.0228 40.361 71.3093 48.0522 32.8939 
13.4165 85.907 88.0739 82.2011 24.3517 42.012 16.1556 85.3757 85.1588 30.2325 52.8016 75.6109 62.2416 8.0624 x 71.0635 9.0555 95.2104 29.5297 35.1711 25.08 91.0495 33.5411 49.3965 12.0417 40.0001 57.8015 68.4691 36.7697 74.6258 17.0001 44.2946 52.0097 94.0852 111.7722 67.6019 57.315 39.6612 58.5919 13.6016 55.0365 34.0589 91.0056 68.4764 88.0058 72.6155 65.4906 75.2397 28.1604 32.6498 113.4638 87.1322 45.4534 52.6119 92.049 15.8115 60.0751 81.222 74.1486 94.1914 83.1866 98.2345 71.7009 94.557 110.4537 80.3058 60.1665 88.8652 105.1904 40.0001 34.8282 47.17 93.6057 108.2313 66.2194 28.2844 92.542 91.4441 42.0596 71.5682 58.421 65.947 62.8014 104.8476 52.4977 33.4216 84.3861 73.546 81.3942 27.7309 47.17 25.239 44.4073 43.2898 79.057 96.047 46.0436 75.5911 55.7316 35.5107 
58.0518 15.0334 17.1173 33.2416 46.8723 90.0279 58.6942 18.3577 15.2972 55.6059 44.2946 43.0466 64.6221 63.6004 71.0635 x 62.6419 24.5968 55.7316 43.6006 71.2812 74.0271 80.4302 41.8809 70.1784 37.6564 56.8596 25.0201 60.8113 57.315 69.0001 48.415 98.2905 28.1781 82.5652 50.9903 16.2789 68.6223 19.7232 65.1231 20.5184 39.8247 41.1826 50.8036 24.8396 45.0445 25.3181 12.5301 72.8355 70.9367 85.4401 63.1982 65.605 30.2325 47.9271 55.3174 16.6434 25.9423 30.2656 27.3131 13.3418 78.4093 75.5845 24.1869 79.057 26.4009 13.9285 73.0001 65.7952 37.6564 48.0522 91.2196 50.1598 85.5103 60.4402 46.0653 35.4684 20.3962 32.1404 26.0769 14.8662 62.9366 73.8242 76.4004 19.0264 43.1857 82.2011 3.6057 78.2625 70.8026 80.1562 57.1403 27.3131 28.6357 17.2048 33.6007 32.2801 90.6202 16.1246 51.6625 
7.6159 77.3693 79.5551 73.1643 16.6434 41.7733 7.8103 76.5311 76.4854 22.6275 44.2946 66.8507 55.3174 1.0001 9.0555 62.6419 x 86.9771 27.4592 26.2489 22.0228 83.5465 32.1404 40.7186 16.4013 33.9707 50.2495 59.4139 30.2325 66.6109 20.1247 36.0556 51.9712 85.147 103.8124 59.3634 48.5078 34.5399 51.3129 14.8662 46.0978 25.0201 82.0001 60.2081 79.0254 63.9767 56.4359 66.3703 31.3848 28.6357 105.6031 79.057 39.4463 43.5661 83.1686 8.4854 51.1567 72.1735 65.1154 85.2878 74.5253 90.6864 65.46 86.3772 102.3427 71.2532 52.326 81.3942 96.6076 33.9707 30.8708 46.271 84.7586 100.6579 58.7283 19.2355 83.4866 82.97 35.0001 62.5141 49.6489 58.6942 56.9387 96.835 44.3848 27.803 78.0065 65.0001 74.8132 24.1869 43.738 17.6919 35.6932 34.5255 70.1143 87.0231 39.6233 70.9367 47.0745 32.5731 
82.0062 12.2067 10.2957 43.1742 70.8803 114.0176 83.2587 20.8807 15.6526 79.8813 65.947 57.5848 84.5992 87.9205 95.2104 24.5968 86.9771 x 77.0261 67.956 95.7184 87.3213 104.6232 64.3507 93.381 59.1355 77.421 42.7201 84.5045 73.5392 91.6625 71.4494 121.9181 24.1869 90.0223 68.8841 40.497 92.0979 39.0129 88.2837 44.4073 64.4128 47.0426 68.4252 27.1663 60.9263 44.4073 27.203 94.0001 95.0001 93.0216 75.9277 88.3913 53.0755 55.0819 79.4041 39.8247 35.4402 44.7773 22.2037 16.6434 90.0945 94.4141 1.4143 86.0524 36.688 35.5107 86.8333 71.1759 59.1355 69.0073 114.8652 57.0352 95.1894 79.2592 70.6613 38.0133 7.2802 54.5895 42.0596 39.1153 81.9879 94.3028 85.053 42.7201 65.3759 98.7928 23.0218 95.079 95.1316 103.2474 81.6334 51.8942 53.226 27.7309 31.4007 53.0378 110.277 40.7064 72.0279 
20.0999 70.4558 72.3396 78.0321 20.1247 69.2316 32.0157 73.2463 71.0212 44.3848 58.8219 77.1558 75.644 27.6587 29.5297 55.7316 27.4592 77.0261 x 40.3114 49.1631 100.6877 59.54 54.406 20.5184 18.1109 68.8841 63.8123 53.3668 82.2011 16.6434 53.2354 79.4293 82.97 118.2583 74.2025 47.4237 59.54 38.0133 16.4013 47.508 34.4094 87.4644 74.8132 78.109 75.6638 61.2945 64.1951 17.1173 55.0092 120.5074 93.7231 62.8173 50.9903 91.0221 21.0239 51.4297 74.2497 70.7249 82.4622 69.0508 107.4152 87.092 76.0593 116.0001 73.7903 42.1901 98.7371 107.1682 18.1109 8.0624 73.6818 93.0055 117.0044 77.0261 33.106 85.907 75.1666 23.7698 66.8881 47.9271 77.8268 79.6995 111.1981 37.3632 13.0001 98.899 59.034 95.2734 51.0393 70.0644 40.608 36.0556 35.8051 68.9494 86.9771 24.0001 95.3416 44.3848 6.4032 
26.6272 56.8244 59.0594 47.2653 20.2486 46.6691 19.2355 53.7588 55.0365 12.0417 19.1051 40.7186 35.7352 27.203 35.1711 43.6006 26.2489 67.956 40.3114 x 27.785 60.6054 36.8783 15.0001 40.8168 33.0607 28.6357 34.0148 18.7884 42.4501 42.802 13.0001 55.4438 61.3923 79.3096 34.6555 27.4592 26.8329 40.2493 37.2023 23.7066 7.0001 55.9018 35.3837 54.9182 38.079 31.0162 43.6579 52.326 27.5863 81.345 54.4886 26.4765 18.0279 56.9211 23.6009 28.6357 47.0957 39.2047 61.8467 53.226 67.476 47.5396 67.6758 77.4662 46.0436 38.0133 58.6004 70.7108 33.0607 37.9474 48.415 58.5236 77.2335 36.7152 7.8103 58.0087 62.6499 29.1549 37.0001 28.8445 37.5767 41.1948 72.2497 29.6817 31.0484 58.8728 44.9445 55.1544 27.203 38.9103 13.9285 18.0279 16.6434 46.5726 62.2897 35.2279 58.0087 27.6587 41.7853 
29.069 84.5992 86.8333 71.5682 33.6156 21.0239 17.7201 81.1543 82.7346 16.1556 38.0133 61.0738 40.3114 22.0908 25.08 71.2812 22.0228 95.7184 49.1631 27.785 x 69.8356 10.7704 36.3457 36.688 51.8942 37.9474 59.9084 16.2789 55.6598 41.2312 29.069 31.0162 88.2327 91.7062 50.0101 55.2269 15.6206 65.2994 36.4967 51.4783 31.8905 79.1013 50.9903 81.6089 57.219 57.0089 71.1759 52.6309 7.8103 93.0216 68.0075 22.4723 44.5983 78.1026 28.443 56.3561 73.0069 63.7888 88.8652 80.9507 77.0261 48.1665 95.415 91.0001 71.8054 64.3507 67.6019 88.2951 51.8942 51.4199 24.7387 79.2276 86.9541 45.6947 26.1726 83.0242 90.4269 50.7741 62.586 56.604 44.7215 38.8974 85.0883 55.866 46.8189 60.877 72.7187 58.2581 2.8285 22.136 14.2128 44.6879 43.2783 73.7361 88.2951 56.4359 50.6064 55.2179 53.7588 
86.3135 76.1184 77.4662 44.1476 80.8023 71.5892 75.7431 66.4907 72.1804 60.9591 41.8809 31.0001 29.5297 84.2913 91.0495 74.0271 83.5465 87.3213 100.6877 60.6054 69.8356 x 69.2893 46.325 99.7247 89.9 33.3018 49.0919 54.6444 18.7884 102.5525 48.1665 72.1735 65.1921 22.5611 26.8329 64.5369 54.562 86.1221 96.897 61.1311 66.2874 42.0477 26.4009 60.4402 29.2747 49.3661 63.127 112.6988 62.61 23.4095 11.4019 47.4132 52.5548 34.482 83.5465 61.0001 51.9712 44.0455 67.0672 71.8472 7.2112 25.08 88.0739 23.0218 50.8036 80.4115 2.2362 28.6532 89.9 97.2472 67.7423 33.2867 17.2048 24.8396 68.2496 51.4783 80.0501 84.1725 48.0001 65.3071 25.239 33.7344 17.0001 75.9606 90.0501 17.4643 72.007 16.2789 67.1194 55.5429 65.947 68.5421 68.0295 60.5311 59.5064 89.3198 37.3632 67.9118 101.3559 
39.4589 93.1934 95.415 77.3693 44.3848 10.2957 28.4606 89.0057 91.066 24.8396 43.4167 65.3759 40.2617 32.0625 33.5411 80.4302 32.1404 104.6232 59.54 36.8783 10.7704 69.2893 x 42.7201 45.5413 62.6499 40.0501 66.8507 21.1897 57.4283 50.3588 35.1142 20.2486 95.4621 91.7062 53.0001 64.2029 16.0001 75.6043 46.0436 60.2164 41.7733 84.1725 54.0001 88.7695 61.2047 64.0782 79.2592 61.6605 9.849 92.6985 69.2316 23.0869 52.3547 82.2193 39.0513 64.9 79.7121 69.9215 96.255 89.3589 76.3218 45.6509 104.4032 91.4823 78.4348 74.3304 67.0672 90.554 62.6499 62.0968 14.1422 83.0964 86.0059 46.6906 36.4006 89.0226 99.0203 61.4004 69.2893 65.605 45.1222 36.2354 85.4401 65.856 57.5848 57.9829 81.6089 55.9465 10.0001 15.5564 24.2075 54.4519 53.0378 81.3942 94.8684 67.1194 44.6879 64.5369 64.3274 
41.6174 52.3451 54.4886 35.2279 34.7132 51.0001 33.2416 46.8723 49.6791 21.0239 4.4722 26.2489 25.0201 41.6294 49.3965 41.8809 40.7186 64.3507 54.406 15.0001 36.3457 46.325 42.7201 x 55.7585 44.272 17.0001 24.1662 21.5408 27.803 57.8015 7.6159 58.0087 52.8016 64.3818 19.8495 26.4009 28.302 45.3983 52.2016 21.9318 20.0001 43.0117 20.5184 46.0978 23.2595 21.471 37.6432 67.2087 32.8939 66.4681 39.5981 24.0417 11.662 42.9536 38.6006 25.239 37.0001 27.4592 53.6657 48.1665 53.0095 37.0001 64.3818 62.4821 35.7352 41.2312 44.4186 55.9018 44.272 51.0001 51.0393 44.3848 62.626 23.7698 22.8036 46.6906 58.0518 39.0513 26.5708 27.7309 25.3181 32.9849 57.315 34.2346 43.8293 46.8723 42.012 42.9536 34.7132 38.9488 25.3181 24.0833 23.1949 39.1153 52.2016 44.7215 50.2196 28.4606 55.0728 
14.3179 85.2116 87.2813 86.0234 24.3312 54.0371 24.0833 86.0931 85.0236 38.9488 59.6407 81.4126 71.7009 15.8115 12.0417 70.1784 16.4013 93.381 20.5184 40.8168 36.688 99.7247 45.5413 55.7585 x 35.1142 66.4681 71.8402 46.6155 82.4622 5.0991 51.8557 64.0001 95.3363 119.6329 75.0001 58.3096 50.5372 55.0819 5.0991 56.886 37.6963 95.1894 75.8025 89.6773 78.8924 68.9639 76.2366 16.1246 44.0115 121.5114 94.8104 55.7585 56.6481 97.1701 17.4643 61.6605 83.9525 78.109 95.1894 83.0242 106.8317 81.8414 92.5744 118.0043 83.1987 57.8706 97.5911 111.5079 35.1142 27.4592 59.2116 98.899 116.7777 74.9534 33.1211 95.5668 90.449 38.8331 75.0001 59.2116 75.0068 73.2463 112.6145 51.1567 28.4606 94.4035 73.0617 91.2141 39.2174 58.8219 34.0589 45.3983 44.5534 80.5048 98.153 41.4368 86.816 56.0804 26.9073 
26.9073 52.3451 54.2311 62.0082 18.3577 72.9179 34.482 55.3625 52.9529 41.5934 48.7033 63.4115 68.2496 34.6555 40.0001 37.6564 33.9707 59.1355 18.1109 33.0607 51.8942 89.9 62.6499 44.272 35.1142 x 60.6384 48.1665 50.3588 71.1127 32.7568 45.5413 82.8554 65.1461 105.4373 63.0715 30.8059 57.8706 20.2238 30.0833 31.8278 26.0769 71.4004 63.506 60.5393 62.6818 45.9675 46.6155 35.2279 55.6598 107.8982 81.6334 59.0763 37.736 75.7431 25.4952 35.0001 57.4544 55.2269 64.5601 50.9903 96.177 80.231 58.2152 102.8009 57.1403 24.0833 88.142 92.6554 0.0001 10.4404 76.3218 77.8333 105.3092 68.0075 28.2844 68.9639 57.079 6.4032 51.0883 31.0645 69.3759 74.2429 98.4734 19.6978 6.7083 90.9561 41.0001 87.092 52.9246 69.6349 39.5602 21.6334 21.9546 51.4783 69.4623 6.3247 91.0495 27.4592 14.3179 
53.2636 65.2151 67.2013 40.8168 48.7648 45.5413 42.4501 58.0518 62.0082 27.6587 13.153 26.5708 8.0624 50.9903 57.8015 56.8596 50.2495 77.421 68.8841 28.6357 37.9474 33.3018 40.0501 17.0001 66.4681 60.6384 x 34.8282 21.9318 17.7201 69.4263 15.6526 49.9801 61.8467 54.2034 13.153 42.4501 24.0833 62.2897 63.781 38.079 35.1142 45.8804 14.1422 55.3174 22.136 33.0152 50.2196 79.8124 31.5754 55.7585 30.0833 17.0001 27.6587 42.7552 50.6064 40.497 45.4534 34.8282 63.127 60.8031 40.46 20.0001 77.6661 53.226 44.0455 57.8706 31.1449 50.6361 60.6384 66.4832 43.6808 43.4167 50.4481 8.4854 35.847 52.3547 70.6046 55.7316 36.0695 43.6808 8.9444 17.0001 47.4132 51.1567 59.4644 30.3646 56.3561 26.5708 35.4402 30.3646 32.6498 41.0489 40.1124 50.329 59.3634 61.5225 33.8379 44.9111 70.3848 
57.7236 30.5288 32.4501 14.3179 47.7599 75.1333 53.0378 23.3453 27.203 43.9319 24.4132 18.2484 41.8809 60.4071 68.4691 25.0201 59.4139 42.7201 63.8123 34.0148 59.9084 49.0919 66.8507 24.1662 71.8402 48.1665 34.8282 x 45.6947 32.3884 72.4501 31.7806 81.8353 28.6357 59.5064 26.5708 17.8046 52.3547 38.4839 67.3574 16.4013 34.5255 23.7066 26.2489 21.9318 20.0251 3.0001 15.6526 79.6054 57.0089 62.2416 38.4709 47.4343 16.0001 27.5863 54.5712 13.6016 13.153 7.0712 29.5297 26.0769 53.7588 51.8942 43.0466 56.3561 12.0417 32.3111 48.0105 44.822 48.1665 57.8015 74.9467 29.6986 61.4004 36.6743 40.1996 24.0833 35.8051 41.7733 3.1624 18.0279 39.3574 51.6141 52.9246 30.0001 51.0393 57.4892 23.3453 53.6005 58.5236 62.4261 47.3815 27.785 28.1781 15.5564 28.443 45.3432 67.6019 21.401 62.0082 
34.9286 72.8012 75.0001 56.294 34.1322 29.6817 22.8255 68.0956 70.4558 9.0555 22.3608 45.0001 25.4952 30.8059 36.7697 60.8113 30.2325 84.5045 53.3668 18.7884 16.2789 54.6444 21.1897 21.5408 46.6155 50.3588 21.9318 45.6947 x 39.5602 50.2495 13.9285 37.4834 74.3237 76.0593 33.7344 44.5534 8.0624 59.034 44.7773 40.3114 25.2983 63.3878 34.7132 67.6241 41.0489 42.9536 58.5236 61.2945 11.4019 77.5243 52.0001 9.4869 31.6229 62.0082 32.8939 44.6879 58.5236 48.7648 75.1533 68.8187 61.8548 35.2279 84.3861 75.1533 57.2452 56.604 52.431 72.0348 50.3588 53.1508 30.4139 63.0715 71.8472 30.0168 22.0908 67.9118 78.6004 47.297 48.1042 45.9675 29.411 26.8329 69.3182 48.3736 47.0001 47.8018 61.6199 44.6879 14.0358 20.1247 13.0001 36.7152 35.3554 60.4153 73.6818 53.3668 41.9763 45.4534 56.4359 
68.6805 61.6848 63.3247 31.6229 62.4821 62.0323 58.8219 52.8016 57.9397 44.4186 23.4308 16.1246 18.2484 67.4241 74.6258 57.315 66.6109 73.5392 82.2011 42.4501 55.6598 18.7884 57.4283 27.803 82.4622 71.1127 17.7201 32.3884 39.5602 x 84.9589 30.6106 65.1154 53.8239 37.2023 8.0624 46.3898 41.5934 67.8971 79.3096 42.7552 47.8018 33.4216 7.6159 48.0209 12.6492 32.0625 47.5396 94.763 49.2444 39.0513 12.5301 34.3658 33.8379 28.1781 65.7952 43.1046 38.4709 28.7925 55.4708 57.2452 25.239 22.6717 74.0946 35.847 37.1215 62.394 17.0881 33.1362 71.1127 78.5494 59.4139 28.2313 34.8282 11.0455 50.2097 41.7254 66.31 65.3912 32.0157 47.2653 13.3418 26.9259 30.2325 57.4892 71.3443 25.2983 55.7316 21.5408 53.1602 46.1737 49.3965 49.7696 49.2444 45.8804 49.5783 70.5763 38.8974 49.6489 82.6802 
16.2789 84.0061 86.0234 86.7296 24.6983 59.0086 27.4592 85.4752 84.0537 42.202 61.8467 83.0061 75.0001 19.6978 17.0001 69.0001 20.1247 91.6625 16.6434 42.802 41.2312 102.5525 50.3588 57.8015 5.0991 32.7568 69.4263 72.4501 50.2495 84.9589 x 54.4519 69.0073 94.8948 122.0247 77.337 58.0518 54.6261 52.9529 5.657 57.0089 38.9488 96.0053 78.1026 89.4428 80.7095 69.642 75.8025 11.4019 48.384 123.988 97.1855 59.54 57.6976 98.3871 19.2095 61.6118 84.2022 78.9241 94.6415 82.055 109.6039 85.4401 90.7966 120.254 83.5226 56.2229 100.4491 113.2079 32.7568 24.1662 64.125 100.1849 119.5032 77.8975 35.0001 95.8802 89.0899 37.1215 75.6109 58.8559 78.1026 77.0261 114.9784 50.0101 26.306 97.9082 72.0279 94.6257 43.6808 63.3247 37.4434 45.3543 44.6431 80.231 98.0613 39.0513 91.0001 55.5789 23.0218 
38.1839 59.5484 61.7172 42.5794 33.1211 43.4167 28.302 54.3784 57.0089 14.5603 9.0555 32.3884 22.8036 36.8918 44.2946 48.415 36.0556 71.4494 53.2354 13.0001 29.069 48.1665 35.1142 7.6159 51.8557 45.5413 15.6526 31.7806 13.9285 30.6106 54.4519 x 50.6064 60.4153 67.8013 23.3239 32.4501 20.8088 49.7294 48.7956 28.018 19.647 50.0401 24.1869 53.7123 28.8618 29.069 45.0001 64.5369 25.2983 69.6564 43.0117 17.2048 18.3849 49.3661 35.3837 31.8905 44.5983 34.9286 61.27 55.4438 55.1726 34.7132 71.4214 66.2874 43.3245 46.2386 46.0978 61.0984 45.5413 50.9216 43.6006 50.6361 65.0539 23.8538 20.2486 54.1296 65.2994 41.0489 34.1761 33.8379 24.5968 29.0173 60.8031 38.6006 43.966 45.8804 48.8366 42.1546 27.2948 31.8278 19.3133 27.4592 26.306 46.6477 59.7747 47.0107 46.1737 34.0001 54.7815 
59.4391 110.1137 112.2944 90.3771 64.6221 10.1981 48.7033 104.8619 107.6152 43.6006 57.4544 76.5507 46.8723 51.7881 52.0097 98.2905 51.9712 121.9181 79.4293 55.4438 31.0162 72.1735 20.2486 58.0087 64.0001 82.8554 49.9801 81.8353 37.4834 65.1154 69.0073 50.6064 x 110.277 94.5305 62.9366 82.0245 29.833 95.1316 65.1921 77.7947 61.0329 95.8594 63.8906 103.5858 72.1111 79.3222 95.6034 80.0251 28.018 94.8948 75.2397 34.482 68.8841 92.4447 59.2031 82.1341 94.0214 83.6482 111.306 106.0425 78.5176 47.0957 121.8278 95.1894 92.6608 93.4078 70.1143 97.4167 82.8554 82.2801 7.0712 92.8925 87.2984 54.1296 56.0804 102.0442 115.8837 81.4126 83.8631 83.4387 51.7881 39.0513 89.1404 85.0001 77.8333 57.2714 99.0859 56.5686 29.9667 19.6978 43.9091 73.4099 72.007 97.0825 108.6739 87.2068 39.0001 82.8071 84.4039 
82.0245 17.2048 17.0001 22.2037 71.1127 103.7546 79.6305 9.849 14.1422 72.125 52.8395 37.8022 67.8971 86.1453 94.0852 28.1781 85.147 24.1869 82.97 61.3923 88.2327 65.1921 95.4621 52.8016 95.3363 65.1461 61.8467 28.6357 74.3237 53.8239 94.8948 60.4153 110.277 x 66.0077 50.9314 37.0541 80.9507 47.8854 90.449 39.0513 60.2994 23.5373 50.2495 6.7083 41.8689 31.3848 19.1051 99.9251 85.6155 69.0073 53.8517 75.8025 43.6808 31.5754 79.0064 34.0148 16.4013 27.0186 2.0001 15.6206 67.1864 76.0593 25.3181 62.0001 17.8046 42.0477 65.0001 47.0426 65.1461 75.5845 103.4457 33.3767 71.5682 61.555 66.4832 14.1422 17.7201 59.2031 26.4198 36.1249 64.3818 77.7947 61.2945 45.6071 70.0929 78.3902 24.5968 74.9467 86.9771 90.736 75.1865 50.0401 51.0099 15.0334 7.2802 60.1665 92.3148 39.3193 79.3789 
105.7593 80.5048 81.302 49.4774 98.995 94.1489 96.0209 70.4558 76.5311 81.5415 60.2081 42.1901 51.6237 104.6232 111.7722 82.5652 103.8124 90.0223 118.2583 79.3096 91.7062 22.5611 91.7062 64.3818 119.6329 105.4373 54.2034 59.5064 76.0593 37.2023 122.0247 67.8013 94.5305 66.0077 x 44.6879 76.9416 76.6943 97.9899 116.3874 74.4313 84.1488 43.1857 43.9319 63.1982 42.802 60.8277 70.3421 131.5904 84.6937 3.0001 24.8396 69.4623 67.8013 35.3554 102.8252 72.8973 57.2714 52.9246 68.0075 76.792 16.0313 47.5185 91.0495 4.1232 56.5156 91.7879 24.7387 19.2355 105.4373 113.8509 90.2553 33.2416 9.4341 46.0653 87.115 52.0097 83.0964 99.2976 57.3848 77.3693 47.0107 56.294 7.0712 89.0675 106.6678 38.0527 79.8124 38.0527 89.0506 78.1026 86.5333 83.8154 83.6003 66.4907 59.0763 103.7739 58.2152 80.5296 118.0679 
61.0738 56.798 58.5919 29.069 54.562 58.6942 51.6237 48.549 53.2354 37.5767 15.5564 13.8925 17.2048 60.2081 67.6019 50.9903 59.3634 68.8841 74.2025 34.6555 50.0101 26.8329 53.0001 19.8495 75.0001 63.0715 13.153 26.5708 33.7344 8.0624 77.337 23.3239 62.9366 50.9314 44.6879 x 39.0513 37.0001 60.4071 71.7009 35.2279 39.8247 33.106 1.0001 44.6879 9.4341 25.71 42.1546 86.9771 44.1815 46.6906 19.8495 30.0667 25.9616 29.6143 58.1379 36.014 34.8282 24.4132 52.4024 52.326 33.2867 25.554 69.3182 43.0117 33.4216 55.0819 25.08 38.3276 63.0715 70.4912 56.754 30.2656 42.802 10.6302 42.4501 40.2245 61.7739 57.3848 26.8329 40.0126 13.4537 27.0186 37.6432 49.8198 63.2852 31.2571 49.7294 27.2948 47.6761 43.4167 42.4854 41.7853 41.2312 41.1826 47.6341 62.626 41.6174 42.1901 74.6258 
45.0001 29.5467 31.7806 31.2411 34.0589 73.7565 43.6808 28.0714 28.1604 39.4082 29.411 34.9286 50.4481 49.4976 57.315 16.2789 48.5078 40.497 47.4237 27.4592 55.2269 64.5369 64.2029 26.4009 58.3096 30.8059 42.4501 17.8046 44.5534 46.3898 58.0518 32.4501 82.0245 37.0541 76.9416 39.0513 x 52.4024 21.5871 53.4604 4.4722 24.3517 40.608 39.1153 31.4007 35.4402 16.1246 18.0001 63.9063 54.6718 79.6054 54.7084 49.6489 14.8662 45.277 42.012 4.2427 26.8329 24.8396 37.0001 26.2489 69.9215 61.984 40.2245 73.9257 26.4198 16.0313 63.1507 62.626 30.8059 40.8168 74.9534 47.4237 78.1858 47.2653 30.6758 38.4839 35.3413 24.4132 20.5184 1.4143 49.4976 59.1355 70.2141 12.2067 34.4385 70.0287 17.493 66.0304 54.6444 64.0313 41.1826 13.0001 14.0358 22.2037 40.0251 27.5863 76.2431 3.6057 44.9445 
40.2617 80.2809 82.4622 61.984 41.0123 22.8474 27.8928 75.1666 77.8011 16.2789 28.2313 49.4976 25.08 34.9286 39.6612 68.6223 34.5399 92.0979 59.54 26.8329 15.6206 54.562 16.0001 28.302 50.5372 57.8706 24.0833 52.3547 8.0624 41.5934 54.6261 20.8088 29.833 80.9507 76.6943 37.0001 52.4024 x 67.0821 49.3965 48.1042 33.2416 68.4472 38.0001 74.2429 45.277 49.7394 65.8028 65.9243 8.0624 77.8782 53.6005 7.2802 39.0513 66.2723 38.6395 52.3451 64.8846 54.7815 81.8842 76.2169 61.7172 32.5577 92.0218 76.2169 63.5611 64.6608 52.326 74.6727 57.8706 60.0001 22.8036 67.1194 71.5892 31.0484 29.6143 73.6818 86.0524 55.0819 54.562 53.8146 29.7322 23.3453 70.2283 56.4359 54.148 45.277 69.311 42.6381 12.8063 12.0831 19.0264 44.7773 43.4167 67.4167 79.85 61.1311 36.4006 53.4136 63.0715 
45.1775 33.2416 34.9286 50.2196 34.67 85.8022 49.5783 38.079 34.5399 51.6237 49.1631 56.3029 70.3492 52.1537 58.5919 19.7232 51.3129 39.0129 38.0133 40.2493 65.2994 86.1221 75.6043 45.3983 55.0819 20.2238 62.2897 38.4839 59.034 67.8971 52.9529 49.7294 95.1316 47.8854 97.9899 60.4071 21.5871 67.0821 x 50.0001 25.1795 34.1322 59.034 60.5311 44.4073 57.0089 37.3364 31.1449 55.0092 67.1194 100.7225 76.2431 66.1288 35.0001 64.9 43.0466 25.2983 43.9319 45.1775 46.9575 32.6957 91.4823 82.2193 38.0527 94.8104 44.0455 6.4032 84.7232 82.6802 20.2238 30.0001 88.2044 67.1194 99.6244 68.0001 39.2047 54.4886 37.4834 16.553 40.7064 20.8807 70.0287 78.2625 91.3894 11.1804 26.6834 91.0495 23.3239 87.0518 65.605 79.1582 51.4005 22.4723 23.7698 36.1249 53.2542 14.0358 95.525 18.2484 33.1362 
10.6302 80.1562 82.2193 81.5967 19.647 55.0819 21.9546 81.1543 80.0063 36.6198 56.2229 77.5243 69.4047 14.5603 13.6016 65.1231 14.8662 88.2837 16.4013 37.2023 36.4967 96.897 46.0436 52.2016 5.0991 30.0833 63.781 67.3574 44.7773 79.3096 5.657 48.7956 65.1921 90.449 116.3874 71.7009 53.4604 49.3965 50.0001 x 52.1729 33.5411 90.8241 72.4708 84.8529 75.1666 64.5137 71.3443 16.553 43.4167 118.3428 91.5479 54.1203 52.3928 93.0377 13.6016 56.886 79.3096 73.7361 90.2719 78.0065 103.9472 79.9251 87.4758 114.6343 78.5876 52.7732 94.7946 107.7034 30.0833 22.8036 60.0001 94.8104 113.8465 72.2497 29.411 90.9561 85.3757 33.7344 70.5196 54.3324 72.4708 71.5892 109.3436 46.0978 23.4095 92.3581 68.0295 89.0506 38.8331 58.4638 31.9062 40.608 39.8122 75.6638 93.381 36.4006 85.7964 51.1567 22.6717 
43.1857 33.1211 35.3554 30.5288 32.5577 69.6564 40.7923 30.5942 31.3848 35.5107 25.0001 32.2491 46.0978 47.0957 55.0365 20.5184 46.0978 44.4073 47.508 23.7066 51.4783 61.1311 60.2164 21.9318 56.886 31.8278 38.079 16.4013 40.3114 42.7552 57.0089 28.018 77.7947 39.0513 74.4313 35.2279 4.4722 48.1042 25.1795 52.1729 x 21.3777 39.9626 35.3554 33.0152 32.3111 14.1422 20.3962 63.5611 50.6064 77.0261 51.6237 45.2218 10.4404 43.9319 40.1124 5.0991 27.203 23.4308 39.2047 29.5467 66.7309 57.7063 44.2042 71.5613 26.5708 20.0251 59.6658 60.877 31.8278 41.4006 70.7249 46.011 75.2397 43.1046 27.6587 38.8974 38.9488 25.4559 19.4166 5.8311 45.277 54.7084 67.6019 14.8662 34.67 66.0001 21.401 62.0001 50.7741 59.6658 37.5767 11.7048 12.3694 24.0209 41.3039 29.411 71.8402 7.0001 45.6071 
23.4095 53.8517 56.0804 48.5078 14.8662 51.8557 19.4166 51.9712 52.4977 17.493 24.4132 44.1023 42.4501 26.0193 34.0589 39.8247 25.0201 64.4128 34.4094 7.0001 31.8905 66.2874 41.7733 20.0001 37.6963 26.0769 35.1142 34.5255 25.2983 47.8018 38.9488 19.647 61.0329 60.2994 84.1488 39.8247 24.3517 33.2416 34.1322 33.5411 21.3777 x 57.5675 40.46 54.0834 42.012 31.5754 41.7733 47.6341 33.0152 86.3135 59.4644 33.3767 18.9738 59.5064 20.2486 26.4765 47.17 40.5217 60.5311 50.5965 73.0069 54.3416 64.0079 82.0732 46.271 32.5577 64.3507 74.3304 26.0769 31.3848 54.0834 61.27 82.6197 42.9536 6.3247 58.5492 59.6155 22.2037 37.6564 25.6321 44.0115 48.1665 77.078 24.0833 24.3517 65.46 41.6294 61.6848 31.8278 45.3101 17.6919 12.8063 11.4019 45.277 62.0082 28.2844 65.0078 23.7066 35.3413 
80.9569 37.3364 38.1183 9.4341 71.3093 90.9561 75.1333 27.2948 33.3767 64.0313 41.1097 19.3133 50.12 82.976 91.0056 41.1826 82.0001 47.0426 87.4644 55.9018 79.1013 42.0477 84.1725 43.0117 95.1894 71.4004 45.8804 23.7066 63.3878 33.4216 96.0053 50.0401 95.8594 23.5373 43.1857 33.106 40.608 68.4472 59.034 90.8241 39.9626 57.5675 x 32.2026 20.0251 23.7698 26.4009 28.6532 103.3103 74.6727 46.1737 30.887 62.0968 38.6006 8.0624 77.7947 36.4006 15.2644 17.0881 25.4952 33.7344 43.6808 56.0804 48.0105 39.3193 15.0001 52.6309 42.0596 25.0001 71.4004 81.2713 89.4931 10.0001 48.1665 43.0466 62.8173 9.4869 40.0001 65.0001 20.5914 40.46 45.7931 59.6826 38.0133 52.4024 74.6258 56.4005 38.0133 53.2636 77.2335 76.2169 68.1837 51.4783 51.8846 24.1662 17.4643 68.0148 72.2497 44.0455 85.446 
61.8467 56.365 58.1379 28.3197 55.2269 59.6826 52.4787 48.0209 52.7732 38.4839 16.2789 13.0385 18.0279 61.0575 68.4764 50.8036 60.2081 68.4252 74.8132 35.3837 50.9903 26.4009 54.0001 20.5184 75.8025 63.506 14.1422 26.2489 34.7132 7.6159 78.1026 24.1869 63.8906 50.2495 43.9319 1.0001 39.1153 38.0001 60.5311 72.4708 35.3554 40.46 32.2026 x 44.0455 8.6024 25.4952 41.7853 87.6927 45.1775 45.9675 19.1051 31.0645 26.2489 28.6357 58.8983 36.0001 34.2054 23.8538 51.7398 51.8942 32.7568 26.0769 68.8768 42.202 32.8025 55.1454 24.6983 37.3632 63.506 71.0212 57.7236 29.2747 42.202 11.3138 43.1857 39.4082 61.2945 57.7755 26.4009 40.0501 14.1422 27.803 36.8783 50.0101 63.8123 31.4007 49.4774 27.4592 48.6622 44.3848 43.3821 42.1546 41.6294 40.7064 46.8616 62.9683 42.202 42.2967 75.1666 
76.1644 17.4643 18.1109 16.553 65.3759 97.0465 73.3349 7.6159 13.6016 65.5211 46.1412 31.9062 61.5225 80.0251 88.0058 24.8396 79.0254 27.1663 78.109 54.9182 81.6089 60.4402 88.7695 46.0978 89.6773 60.5393 55.3174 21.9318 67.6241 48.0209 89.4428 53.7123 103.5858 6.7083 63.1982 44.6879 31.4007 74.2429 44.4073 84.8529 33.0152 54.0834 20.0251 44.0455 x 35.8051 24.6983 13.9285 94.9211 78.9241 66.1892 49.0409 69.1159 37.1081 28.0001 73.1096 28.0714 9.8996 20.5184 7.8103 14.3179 62.9683 70.0001 28.0714 59.3044 11.3138 38.2754 60.0834 44.7215 60.5393 70.9367 96.7472 30.0168 68.0662 55.3174 60.2081 11.7048 20.0251 54.4244 19.7232 30.5942 58.1379 71.4214 58.0001 40.8535 65.1461 72.8973 21.2604 69.3543 80.3244 84.0596 68.6587 44.2833 45.1775 9.2196 8.9444 55.9018 86.2149 33.956 74.8466 
64.6608 49.0409 50.6953 19.7991 56.8508 67.4686 56.4625 40.2493 45.3101 43.4167 19.925 4.4722 26.6272 64.8846 72.6155 45.0445 63.9767 60.9263 75.6638 38.079 57.219 29.2747 61.2047 23.2595 78.8924 62.6818 22.136 20.0251 41.0489 12.6492 80.7095 28.8618 72.1111 41.8689 42.802 9.4341 35.4402 45.277 57.0089 75.1666 32.3111 42.012 23.7698 8.6024 35.8051 x 20.0999 34.9286 89.6438 52.0097 45.2218 19.3133 38.6395 25.0001 21.0239 61.5874 31.7806 26.0769 16.1556 43.4167 44.5983 34.482 34.2054 61.4655 40.361 24.6983 51.1958 28.0714 32.6498 62.6818 71.0635 65.8028 22.0228 42.9536 19.8495 45.7931 30.8059 53.7123 56.604 19.4166 36.1387 22.6717 36.4006 35.8051 47.17 63.8906 37.9474 43.2898 34.1761 55.0819 52.4977 48.0834 41.0489 40.8045 33.2416 38.2885 61.2945 50.4481 38.8974 75.2862 
54.818 32.2026 34.2054 17.0881 44.9445 72.4708 50.0401 25.6126 29.069 41.0001 22.0228 18.9738 40.3114 57.4283 65.4906 25.3181 56.4359 44.4073 61.2945 31.0162 57.0089 49.3661 64.0782 21.471 68.9639 45.9675 33.0152 3.0001 42.9536 32.0625 69.642 29.069 79.3222 31.3848 60.8277 25.71 16.1246 49.7394 37.3364 64.5137 14.1422 31.5754 26.4009 25.4952 24.6983 20.0999 x 17.2048 76.9416 54.2311 63.506 39.0513 45.0001 13.0001 29.833 51.6625 12.0831 16.1246 9.4341 32.2026 27.803 54.3416 50.6953 44.6543 57.8015 15.0334 31.321 48.1665 46.7548 45.9675 55.4438 72.4018 31.8905 62.2978 35.4684 37.2157 27.0741 37.6432 39.5981 6.0829 16.553 38.079 49.9301 54.1296 28.302 48.6005 56.886 24.0417 52.9529 55.6598 60.0001 44.4073 25.239 25.554 17.8046 31.4007 43.4167 66.1892 19.7232 59.6658 
63.0001 15.0001 17.0295 20.8807 52.0385 88.2044 61.1883 10.1981 12.0417 55.0365 38.8974 32.2491 57.4544 67.3648 75.2397 12.5301 66.3703 27.203 64.1951 43.6579 71.1759 63.127 79.2592 37.6432 76.2366 46.6155 50.2196 15.6526 58.5236 47.5396 75.8025 45.0001 95.6034 19.1051 70.3421 42.1546 18.0001 65.8028 31.1449 71.3443 20.3962 41.7733 28.6532 41.7853 13.9285 34.9286 17.2048 x 81.0433 69.4623 73.2463 52.0097 61.6199 26.9259 35.4684 60.0084 15.2972 13.4165 19.1051 19.0001 10.6302 67.0299 67.5427 27.4592 66.7609 13.9285 24.8396 62.2897 53.3105 46.6155 57.0089 88.6003 37.6963 73.6818 52.326 48.0522 23.3453 20.5184 40.497 15.5243 17.0295 55.0092 67.1194 64.3274 26.9259 51.2446 72.8012 9.4869 68.9639 70.2141 76.5769 57.5848 31.0001 32.0157 5.0001 22.8474 42.0596 83.2407 20.2238 60.9263 
26.6272 87.5729 89.454 93.915 32.8025 70.1143 38.4709 90.2442 88.1193 53.0001 71.4214 91.608 85.7031 31.0162 28.1604 72.8355 31.3848 94.0001 17.1173 52.326 52.6309 112.6988 61.6605 67.2087 16.1246 35.2279 79.8124 79.6054 61.2945 94.763 11.4019 64.5369 80.0251 99.9251 131.5904 86.9771 63.9063 65.9243 55.0092 16.553 63.5611 47.6341 103.3103 87.6927 94.9211 89.6438 76.9416 81.0433 x 59.7747 133.6601 106.7943 70.6613 65.7344 106.3298 29.2063 67.7792 90.6202 86.354 99.4637 86.1453 119.6705 96.3847 93.0055 129.6342 90.0778 59.3044 110.6346 121.8278 35.2279 25.0201 75.3261 108.2267 129.4953 88.2384 44.5534 102.3182 92.266 40.7923 82.7346 64.5137 88.6003 88.1193 124.5232 54.3416 29.833 108.7567 76.1184 105.3946 55.0819 74.7263 48.3736 51.8942 51.4297 85.7264 103.7402 41.0489 102.3182 61.0329 22.0908 
35.1284 83.4866 85.7031 67.6832 37.8551 19.1051 23.0001 79.1771 81.302 15.6206 33.7344 56.0804 33.106 28.8618 32.6498 70.9367 28.6357 95.0001 55.0092 27.5863 7.8103 62.61 9.849 32.8939 44.0115 55.6598 31.5754 57.0089 11.4019 49.2444 48.384 25.2983 28.018 85.6155 84.6937 44.1815 54.6718 8.0624 67.1194 43.4167 50.6064 33.0152 74.6727 45.1775 78.9241 52.0097 54.2311 69.4623 59.7747 x 85.907 61.4004 15.2316 42.5442 73.0275 34.0001 55.2179 69.8929 60.1665 86.4061 79.6117 69.7712 40.46 94.8104 84.1547 68.6223 65.4371 60.3739 82.2011 55.6598 56.4359 21.0951 74.0001 79.6493 38.8974 28.1781 79.3096 89.3086 53.7123 59.4644 56.0804 37.6963 31.1449 78.1858 57.0089 51.1958 53.1508 72.007 50.6064 5.0001 15.1328 16.1556 45.4534 44.0455 71.5543 85.0707 59.6155 42.9419 55.1726 59.1355 
107.7127 83.4866 84.2913 52.3928 101.1386 94.8315 97.8009 73.4371 79.5111 83.2347 62.2416 44.7773 52.8016 106.4003 113.4638 85.4401 105.6031 93.0216 120.5074 81.345 93.0216 23.4095 92.6985 66.4681 121.5114 107.8982 55.7585 62.2416 77.5243 39.0513 123.988 69.6564 94.8948 69.0073 3.0001 46.6906 79.6054 77.8782 100.7225 118.3428 77.0261 86.3135 46.1737 45.9675 66.1892 45.2218 63.506 73.2463 133.6601 85.907 x 26.8702 70.6825 70.2141 38.3276 104.8047 75.5845 60.2081 55.7137 71.0071 79.7622 16.4925 48.0522 94.048 7.0712 59.4391 94.5411 25.6321 22.2037 107.8982 116.2111 90.8021 36.2216 8.2463 47.508 89.1404 55.0092 86.0931 101.7891 60.1665 80.0563 48.3012 57.0089 9.4341 91.7062 109.0184 38.0133 82.7104 38.3276 90.3384 78.8481 88.2327 86.2671 86.0234 69.4263 62.0726 106.3298 58.0346 83.1866 120.4202 
80.9198 64.7766 66.0985 32.7568 74.2766 73.1096 71.2812 55.1091 60.8277 56.9387 35.3837 20.2238 29.1549 79.8813 87.1322 63.1982 79.057 75.9277 93.7231 54.4886 68.0075 11.4019 69.2316 39.5981 94.8104 81.6334 30.0833 38.4709 52.0001 12.5301 97.1855 43.0117 75.2397 53.8517 24.8396 19.8495 54.7084 53.6005 76.2431 91.5479 51.6237 59.4644 30.887 19.1051 49.0409 19.3133 39.0513 52.0097 106.7943 61.4004 26.8702 x 46.325 43.9091 23.6009 77.9873 50.9609 40.608 33.0152 55.7137 60.5311 15.2972 29.411 76.6878 23.3239 39.4589 70.3421 11.1804 22.2037 81.6334 89.6271 70.0072 22.6717 23.7066 22.5611 62.2897 40.2493 68.6587 75.6638 37.1215 55.3625 24.1869 36.2216 17.8046 66.4832 82.4198 26.1726 61.0329 23.6009 65.46 57.0352 61.9113 60.0334 59.6826 49.2545 48.3012 80.4985 44.2946 58.1894 93.8137 
44.3848 76.3807 78.5176 56.0804 43.4167 28.8618 32.2026 70.6046 73.6615 18.4392 23.0218 42.9536 17.8886 39.9626 45.4534 65.605 39.4463 88.3913 62.8173 26.4765 22.4723 47.4132 23.0869 24.0417 55.7585 59.0763 17.0001 47.4343 9.4869 34.3658 59.54 17.2048 34.482 75.8025 69.4623 30.0667 49.6489 7.2802 66.1288 54.1203 45.2218 33.3767 62.0968 31.0645 69.1159 38.6395 45.0001 61.6199 70.6613 15.2316 70.6825 46.325 x 35.4684 59.54 42.3793 49.0409 59.54 49.1936 76.8506 72.1804 54.5895 26.2489 88.4139 68.9494 58.1809 63.0715 45.1775 67.476 59.0763 62.394 27.7309 60.2994 64.4982 23.7698 31.0162 67.7792 82.0732 55.5789 49.3965 51.0393 22.4723 17.493 62.9683 55.1544 56.0804 38.9488 65.947 36.0695 19.7232 15.0001 22.4723 43.6579 42.3793 62.8014 74.2497 61.6605 32.5577 51.1078 65.7648 
42.3793 41.2312 43.4167 29.6143 33.1211 61.2945 37.0541 36.6743 38.8331 28.4606 14.5603 26.1726 35.6932 44.5534 52.6119 30.2325 43.5661 53.0755 50.9903 18.0279 44.5983 52.5548 52.3547 11.662 56.6481 37.736 27.6587 16.0001 31.6229 33.8379 57.6976 18.3849 68.8841 43.6808 67.8013 25.9616 14.8662 39.0513 35.0001 52.3928 10.4404 18.9738 38.6006 26.2489 37.1081 25.0001 13.0001 26.9259 65.7344 42.5442 70.2141 43.9091 35.4684 x 40.7064 39.2174 13.6016 29.069 21.5871 44.272 37.2023 58.6004 47.3815 53.0378 65.2994 28.018 30.2656 50.9216 56.2229 37.736 46.0978 61.8467 42.5442 67.6019 33.0001 24.3312 40.0501 47.0107 31.7649 19.0264 16.1556 35.0572 44.272 60.8031 24.0833 38.9488 56.0804 30.4796 52.0866 43.4627 50.2097 31.5754 16.1246 15.8115 29.1549 44.2833 36.7697 61.4004 17.2628 50.329 
82.8554 45.1775 46.0436 14.7649 73.8242 88.2837 75.9606 35.1284 41.1948 63.7888 40.3114 17.0295 45.8804 84.1191 92.049 47.9271 83.1686 55.0819 91.0221 56.9211 78.1026 34.482 82.2193 42.9536 97.1701 75.7431 42.7552 27.5863 62.0082 28.1781 98.3871 49.3661 92.4447 31.5754 35.3554 29.6143 45.277 66.2723 64.9 93.0377 43.9319 59.5064 8.0624 28.6357 28.0001 21.0239 29.833 35.4684 106.3298 73.0275 38.3276 23.6009 59.54 40.7064 x 79.7058 41.0367 22.136 20.5184 33.5411 41.4368 35.7352 50.4778 56.0358 31.5754 21.5408 58.5236 34.67 17.8886 75.7431 85.2761 86.3482 2.2362 40.1124 38.6265 64.2574 17.4643 48.0105 69.3543 24.7589 45.3432 41.2312 55.0365 30.0001 57.3848 78.4093 49.5783 44.9445 46.6691 76.0264 73.0069 68.2496 55.0001 55.2179 31.321 25.2983 72.863 66.4004 48.8366 89.4987 
3.1624 70.2141 72.3672 68.6805 8.5441 49.0409 11.0001 70.0644 69.5846 24.1662 42.6381 64.0079 56.604 9.2196 15.8115 55.3174 8.4854 79.4041 21.0239 23.6009 28.443 83.5465 39.0513 38.6006 17.4643 25.4952 50.6064 54.5712 32.8939 65.7952 19.2095 35.3837 59.2031 79.0064 102.8252 58.1379 42.012 38.6395 43.0466 13.6016 40.1124 20.2486 77.7947 58.8983 73.1096 61.5874 51.6625 60.0084 29.2063 34.0001 104.8047 77.9873 42.3793 39.2174 79.7058 x 45.0445 66.9105 60.729 79.0064 67.6019 90.554 67.5353 78.7465 101.0446 66.0985 44.3848 81.4679 94.1542 25.4952 23.0869 53.1508 81.4372 100.4192 59.034 15.8115 78.4475 75.7101 26.6272 57.7236 43.0466 59.4055 59.6155 95.7759 36.688 19.4166 79.756 57.8706 76.3218 30.1497 49.0409 19.925 29.0173 28.0001 64.0313 81.3942 31.1449 74.7263 40.1996 25.3181 
48.0938 28.302 30.5288 27.0186 37.3364 74.2025 45.8913 25.4952 26.4009 40.3114 27.7309 31.0162 48.384 52.1537 60.0751 16.6434 51.1567 39.8247 51.4297 28.6357 56.3561 61.0001 64.9 25.239 61.6605 35.0001 40.497 13.6016 44.6879 43.1046 61.6118 31.8905 82.1341 34.0148 72.8973 36.014 4.2427 52.3451 25.2983 56.886 5.0991 26.4765 36.4006 36.0001 28.0714 31.7806 12.0831 15.2972 67.7792 55.2179 75.5845 50.9609 49.0409 13.6016 41.0367 45.0445 x 22.8474 20.6156 34.1322 24.5968 66.2194 59.6658 39.699 69.8356 22.3608 19.4166 59.6826 58.4124 35.0001 44.9445 75.0734 43.1857 74.3304 44.7215 32.7568 34.5399 34.1322 28.6008 16.2789 4.4722 47.0745 57.3848 66.2119 16.4013 38.4709 67.1864 16.9707 63.1982 55.5699 63.7025 42.5442 16.2789 17.1173 19.0001 36.4967 31.8278 74.3304 7.8103 49.0919 
70.0358 24.1869 25.4952 8.0001 59.6658 87.7269 66.0001 14.5603 20.2238 57.0702 36.6743 22.3608 51.6237 73.1711 81.222 25.9423 72.1735 35.4402 74.2497 47.0957 73.0069 51.9712 79.7121 37.0001 83.9525 57.4544 45.4534 13.153 58.5236 38.4709 84.2022 44.5983 94.0214 16.4013 57.2714 34.8282 26.8329 64.8846 43.9319 79.3096 27.203 47.17 15.2644 34.2054 9.8996 26.0769 16.1246 13.4165 90.6202 69.8929 60.2081 40.608 59.54 29.069 22.136 66.9105 22.8474 x 10.6302 17.6919 20.0251 55.1454 60.2164 36.1387 53.6005 1.4143 37.5367 51.4199 39.925 57.4544 67.6019 87.2354 24.3517 61.1311 45.4534 53.0378 11.7048 28.1604 51.1078 10.4404 26.4198 48.2702 61.5225 51.4783 38.0133 61.27 63.5611 22.8474 59.9334 71.5682 74.4313 60.5311 38.8974 39.5602 9.2196 15.2972 53.6005 76.4004 30.0168 71.6939 
63.8906 32.8939 34.5399 8.0624 54.2311 77.621 58.421 24.1869 29.1549 48.1665 26.5708 13.153 41.0367 66.0985 74.1486 30.2656 65.1154 44.7773 70.7249 39.2047 63.7888 44.0455 69.9215 27.4592 78.109 55.2269 34.8282 7.0712 48.7648 28.7925 78.9241 34.9286 83.6482 27.0186 52.9246 24.4132 24.8396 54.7815 45.1775 73.7361 23.4308 40.5217 17.0881 23.8538 20.5184 16.1556 9.4341 19.1051 86.354 60.1665 55.7137 33.0152 49.1936 21.5871 20.5184 60.729 20.6156 10.6302 x 28.3197 28.4606 48.1665 49.9301 45.3101 49.6589 9.2196 38.9103 43.1857 37.8022 55.2269 64.8152 76.9221 22.6275 55.3174 35.0001 45.8913 19.2355 37.5767 48.8366 4.4722 25.0001 37.8022 50.9314 46.4867 37.0136 58.0087 54.0834 28.018 50.329 62.1692 64.0079 52.0097 34.67 34.9858 17.0881 25.08 52.4024 66.0304 28.4254 69.0291 
82.0001 15.6206 15.2644 23.8538 71.0283 104.6567 79.9063 9.2196 12.8063 72.7325 53.8517 39.4082 69.2966 86.2845 94.1914 27.3131 85.2878 22.2037 82.4622 61.8467 88.8652 67.0672 96.255 53.6657 95.1894 64.5601 63.127 29.5297 75.1533 55.4708 94.6415 61.27 111.306 2.0001 68.0075 52.4024 37.0001 81.8842 46.9575 90.2719 39.2047 60.5311 25.4952 51.7398 7.8103 43.4167 32.2026 19.0001 99.4637 86.4061 71.0071 55.7137 76.8506 44.272 33.5411 79.0064 34.1322 17.6919 28.3197 x 14.4223 69.1232 77.621 23.3453 64.0001 19.1051 41.2312 66.8507 49.0409 64.5601 75.0001 104.4463 35.3554 73.5528 63.0318 66.7534 16.1246 15.8115 58.6942 27.4592 36.014 65.856 79.1961 63.2852 45.1222 69.6349 80.1312 23.7698 76.6617 87.6642 91.8097 75.6903 50.0001 51.0099 15.2972 9.2196 59.4644 93.8617 39.1153 78.7465 
70.4558 4.4722 6.4032 28.018 59.3044 98.4734 69.9215 6.7083 2.0001 64.8846 49.5178 41.485 67.956 75.5051 83.1866 13.3418 74.5253 16.6434 69.0508 53.226 80.9507 71.8472 89.3589 48.1665 83.0242 50.9903 60.8031 26.0769 68.8187 57.2452 82.055 55.4438 106.0425 15.6206 76.792 52.326 26.2489 76.2169 32.6957 78.0065 29.5467 50.5965 33.7344 51.8942 14.3179 44.5983 27.803 10.6302 86.1453 79.6117 79.7622 60.5311 72.1804 37.2023 41.4368 67.6019 24.5968 20.0251 28.4606 14.4223 x 75.1666 77.8268 17.0001 72.9933 21.0951 27.203 71.197 58.6942 50.9903 61.3923 99.0203 43.5661 81.0556 62.6499 56.9211 26.0001 9.8996 45.3983 25.4952 25.0001 65.3683 77.6661 71.2532 32.0625 56.4359 82.541 10.05 78.7719 80.1312 87.115 67.1194 38.8331 40.0251 11.4019 22.0228 45.6071 93.6484 27.4592 65.0001 
93.3489 79.3096 80.5048 47.17 87.6186 78.3391 82.8795 69.4623 75.3261 68.1176 48.6005 35.5107 36.7152 91.4386 98.2345 78.4093 90.6864 90.0945 107.4152 67.476 77.0261 7.2112 76.3218 53.0095 106.8317 96.177 40.46 53.7588 61.8548 25.239 109.6039 55.1726 78.5176 67.1864 16.0313 33.2867 69.9215 61.7172 91.4823 103.9472 66.7309 73.0069 43.6808 32.7568 62.9683 34.482 54.3416 67.0299 119.6705 69.7712 16.4925 15.2972 54.5895 58.6004 35.7352 90.554 66.2194 55.1454 48.1665 69.1232 75.1666 x 31.5754 90.9341 17.2628 54.0834 85.6155 9.4341 26.1726 96.177 103.7739 74.3304 34.1761 10.0001 32.0157 75.1666 53.1602 82.8735 90.3384 52.3451 70.6046 32.4501 40.5217 11.7048 81.5967 96.5661 22.2037 76.1644 22.0228 74.3035 62.3619 73.1096 74.6861 74.2429 64.0313 61.0329 95.3416 42.4265 73.3758 107.9121 
69.8356 82.2983 84.1191 53.9074 67.0672 46.8403 57.9829 74.0946 78.7719 43.4167 33.0607 38.2885 12.0417 66.0304 71.7009 75.5845 65.46 94.4141 87.092 47.5396 48.1665 25.08 45.6509 37.0001 81.8414 80.231 20.0001 51.8942 35.2279 22.6717 85.4401 34.7132 47.0957 76.0593 47.5185 25.554 61.984 32.5577 82.2193 79.9251 57.7063 54.3416 56.0804 26.0769 70.0001 34.2054 50.6953 67.5427 96.3847 40.46 48.0522 29.411 26.2489 47.3815 50.4778 67.5353 59.6658 60.2164 49.9301 77.621 77.8268 31.5754 x 94.8263 48.0938 58.8219 77.6467 23.0218 51.4199 80.231 85.4401 42.7552 50.2495 40.8045 15.2316 54.0834 64.3507 87.3213 75.5382 52.3547 63.1507 12.6492 9.4341 42.0477 71.1127 78.5876 12.728 74.6727 10.2957 45.3432 31.0162 48.0209 61.0329 60.0751 66.7309 72.1389 81.3942 16.2789 64.6298 89.1853 
81.3205 12.5301 10.7704 43.9319 70.2141 113.8509 82.7648 21.5871 16.1556 79.6305 66.0682 58.1894 84.9059 87.3156 94.557 24.1869 86.3772 1.4143 76.0593 67.6758 95.415 88.0739 104.4032 64.3818 92.5744 58.2152 77.6661 43.0466 84.3861 74.0946 90.7966 71.4214 121.8278 25.3181 91.0495 69.3182 40.2245 92.0218 38.0527 87.4758 44.2042 64.0079 48.0105 68.8768 28.0714 61.4655 44.6543 27.4592 93.0055 94.8104 94.048 76.6878 88.4139 53.0378 56.0358 78.7465 39.699 36.1387 45.3101 23.3453 17.0001 90.9341 94.8263 x 87.092 37.3632 34.7132 87.5558 72.2497 58.2152 68.0295 114.7694 58.0087 96.1302 79.6493 70.2354 39.0513 8.0624 53.7588 42.4854 38.8331 82.3651 94.5781 86.0234 42.0596 64.4982 99.3681 22.8036 95.6348 94.8684 103.2377 81.302 51.4297 52.7732 28.2313 32.5577 52.0866 110.6392 40.3114 71.0071 
104.0193 76.6552 77.4146 45.8804 96.9382 94.3664 94.5781 66.6109 72.6912 80.2622 58.4124 39.4082 51.2446 103.1747 110.4537 79.057 102.3427 86.0524 116.0001 77.4662 91.0001 23.0218 91.4823 62.4821 118.0043 102.8009 53.226 56.3561 75.1533 35.847 120.254 66.2874 95.1894 62.0001 4.1232 43.0117 73.9257 76.2169 94.8104 114.6343 71.5613 82.0732 39.3193 42.202 59.3044 40.361 57.8015 66.7609 129.6342 84.1547 7.0712 23.3239 68.9494 65.2994 31.5754 101.0446 69.8356 53.6005 49.6589 64.0001 72.9933 17.2628 48.0938 87.092 x 52.8868 88.5665 25.08 15.1328 102.8009 111.3958 90.6698 29.428 12.728 45.3101 85.2761 48.0417 79.1582 96.6076 54.1296 74.3035 46.4867 56.5686 6.0829 86.0931 104.2354 39.4589 76.2431 39.0513 88.3913 78.2625 85.2351 81.2159 81.0556 62.8173 55.0365 100.9555 59.6826 77.5243 115.6245 
69.2316 25.3181 26.6834 7.0712 58.9407 86.4061 65.0078 15.8115 21.3777 55.9018 35.3413 21.0239 50.2097 72.2497 80.3058 26.4009 71.2532 36.688 73.7903 46.0436 71.8054 50.8036 78.4348 35.7352 83.1987 57.1403 44.0455 12.0417 57.2452 37.1215 83.5226 43.3245 92.6608 17.8046 56.5156 33.4216 26.4198 63.5611 44.0455 78.5876 26.5708 46.271 15.0001 32.8025 11.3138 24.6983 15.0334 13.9285 90.0778 68.6223 59.4391 39.4589 58.1809 28.018 21.5408 66.0985 22.3608 1.4143 9.2196 19.1051 21.0951 54.0834 58.8219 37.3632 52.8868 x 37.6432 50.2196 39.3955 57.1403 67.231 85.8837 23.7698 60.2081 44.0455 52.0866 12.3694 29.411 50.7741 9.2196 26.0769 46.8616 60.1083 50.6361 37.8022 60.8277 62.2416 23.4095 58.6004 70.3421 73.0617 59.4139 38.2754 38.8974 10.05 16.4925 53.4136 75.0001 29.6817 71.3443 
46.8189 28.2844 30.1497 43.8293 35.847 84.3861 49.6489 32.2026 29.1205 49.8198 44.7215 50.2893 65.9243 53.226 60.1665 13.9285 52.326 35.5107 42.1901 38.0133 64.3507 80.4115 74.3304 41.2312 57.8706 24.0833 57.8706 32.3111 56.604 62.394 56.2229 46.2386 93.4078 42.0477 91.7879 55.0819 16.0313 64.6608 6.4032 52.7732 20.0251 32.5577 52.6309 55.1454 38.2754 51.1958 31.321 24.8396 59.3044 65.4371 94.5411 70.3421 63.0715 30.2656 58.5236 44.3848 19.4166 37.5367 38.9103 41.2312 27.203 85.6155 77.6467 34.7132 88.5665 37.6432 x 79.076 76.3218 24.0833 34.3658 86.4003 60.7455 93.6057 63.127 38.21 48.1665 33.0152 19.1051 34.4385 15.1328 65.2764 74.216 85.2351 8.4854 30.0168 86.0059 17.4643 82.0062 64.3818 76.6617 50.2097 20.0001 21.401 29.833 47.17 18.4392 91.4441 13.0385 37.8551 
84.2201 75.5051 76.9026 43.6808 78.8163 69.4263 73.5936 65.9698 71.5892 58.7964 39.9626 30.0667 27.2948 82.1341 88.8652 73.0001 81.3942 86.8333 98.7371 58.6004 67.6019 2.2362 67.0672 44.4186 97.5911 88.142 31.1449 48.0105 52.431 17.0881 100.4491 46.0978 70.1143 65.0001 24.7387 25.08 63.1507 52.326 84.7232 94.7946 59.6658 64.3507 42.0596 24.6983 60.0834 28.0714 48.1665 62.2897 110.6346 60.3739 25.6321 11.1804 45.1775 50.9216 34.67 81.4679 59.6826 51.4199 43.1857 66.8507 71.197 9.4341 23.0218 87.5558 25.08 50.2196 79.076 x 29.9667 88.142 95.3835 65.6202 33.6007 19.4166 22.6717 66.2194 51.4297 79.5551 82.4622 47.0426 63.9532 23.0218 31.5754 19.0264 74.4649 88.1931 16.1246 71.0635 14.5603 64.8846 53.3668 63.781 66.8507 66.31 59.8416 59.4812 87.6642 35.7352 66.4907 99.4787 
97.2472 62.1692 62.8014 32.6498 89.0506 95.0054 89.0506 52.1729 58.2496 75.6109 52.3928 30.2325 51.0001 97.5091 105.1904 65.7952 96.6076 71.1759 107.1682 70.7108 88.2951 28.6532 90.554 55.9018 111.5079 92.6554 50.6361 44.822 72.0348 33.1362 113.2079 61.0984 97.4167 47.0426 19.2355 38.3276 62.626 74.6727 82.6802 107.7034 60.877 74.3304 25.0001 37.3632 44.7215 32.6498 46.7548 53.3105 121.8278 82.2011 22.2037 22.2037 67.476 56.2229 17.8886 94.1542 58.4124 39.925 37.8022 49.0409 58.6942 26.1726 51.4199 72.2497 15.1328 39.3955 76.3218 29.9667 x 92.6554 101.8628 92.087 15.6526 26.4009 44.0455 78.3902 33.2416 64.3818 86.3135 42.202 62.8014 46.0001 58.421 16.1246 74.8132 94.8473 46.0653 62.7695 44.3848 85.907 79.0064 80.4115 71.4494 71.5053 49.0409 40.0001 90.1389 65.5516 66.2194 106.1038 
26.9073 52.3451 54.2311 62.0082 18.3577 72.9179 34.482 55.3625 52.9529 41.5934 48.7033 63.4115 68.2496 34.6555 40.0001 37.6564 33.9707 59.1355 18.1109 33.0607 51.8942 89.9 62.6499 44.272 35.1142 0.0001 60.6384 48.1665 50.3588 71.1127 32.7568 45.5413 82.8554 65.1461 105.4373 63.0715 30.8059 57.8706 20.2238 30.0833 31.8278 26.0769 71.4004 63.506 60.5393 62.6818 45.9675 46.6155 35.2279 55.6598 107.8982 81.6334 59.0763 37.736 75.7431 25.4952 35.0001 57.4544 55.2269 64.5601 50.9903 96.177 80.231 58.2152 102.8009 57.1403 24.0833 88.142 92.6554 x 10.4404 76.3218 77.8333 105.3092 68.0075 28.2844 68.9639 57.079 6.4032 51.0883 31.0645 69.3759 74.2429 98.4734 19.6978 6.7083 90.9561 41.0001 87.092 52.9246 69.6349 39.5602 21.6334 21.9546 51.4783 69.4623 6.3247 91.0495 27.4592 14.3179 
23.2595 62.6499 64.4982 71.8472 19.0264 72.125 33.7344 65.8028 63.3483 44.1023 55.4708 72.1804 73.6818 31.3051 34.8282 48.0522 30.8708 69.0073 8.0624 37.9474 51.4199 97.2472 62.0968 51.0001 27.4592 10.4404 66.4832 57.8015 53.1508 78.5494 24.1662 50.9216 82.2801 75.5845 113.8509 70.4912 40.8168 60.0001 30.0001 22.8036 41.4006 31.3848 81.2713 71.0212 70.9367 71.0635 55.4438 57.0089 25.0201 56.4359 116.2111 89.6271 62.394 46.0978 85.2761 23.0869 44.9445 67.6019 64.8152 75.0001 61.3923 103.7739 85.4401 68.0295 111.3958 67.231 34.3658 95.3835 101.8628 10.4404 x 76.1578 87.3213 113.1593 74.3237 31.5754 79.1771 67.2682 16.553 60.8031 41.1826 75.3924 78.6449 106.8271 30.0833 7.2112 96.7989 51.4199 93.0485 52.9529 71.1759 41.0123 30.4139 30.4139 61.8467 79.85 16.0313 94.8948 37.59 4.2427 
53.6005 103.0777 105.2617 83.7736 58.1894 5.8311 42.4501 97.9082 100.6033 36.6198 50.6064 70.2141 41.1948 46.1737 47.17 91.2196 46.271 114.8652 73.6818 48.415 24.7387 67.7423 14.1422 51.0393 59.2116 76.3218 43.6808 74.9467 30.4139 59.4139 64.125 43.6006 7.0712 103.4457 90.2553 56.754 74.9534 22.8036 88.2044 60.0001 70.7249 54.0834 89.4931 57.7236 96.7472 65.8028 72.4018 88.6003 75.3261 21.0951 90.8021 70.0072 27.7309 61.8467 86.3482 53.1508 75.0734 87.2354 76.9221 104.4463 99.0203 74.3304 42.7552 114.7694 90.6698 85.8837 86.4003 65.6202 92.087 76.3218 76.1578 x 86.8851 83.4327 48.3736 49.2444 95.4621 108.8532 74.6861 77.0261 76.3676 46.1737 34.1322 84.5932 78.0065 71.4704 53.7588 92.0218 52.6309 23.4095 13.3418 37.1215 66.4004 65.0001 90.1389 101.9805 80.5296 36.8918 75.7431 78.4475 
84.5814 47.2653 48.0938 17.0001 75.6638 88.9551 77.492 37.2157 43.2898 65.1154 41.5934 18.2484 46.1737 85.7031 93.6057 50.1598 84.7586 57.0352 93.0055 58.5236 79.2276 33.2867 83.0964 44.3848 98.899 77.8333 43.4167 29.6986 63.0715 28.2313 100.1849 50.6361 92.8925 33.3767 33.2416 30.2656 47.4237 67.1194 67.1194 94.8104 46.011 61.27 10.0001 29.2747 30.0168 22.0228 31.8905 37.6963 108.2267 74.0001 36.2216 22.6717 60.2994 42.5442 2.2362 81.4372 43.1857 24.3517 22.6275 35.3554 43.5661 34.1761 50.2495 58.0087 29.428 23.7698 60.7455 33.6007 15.6526 77.8333 87.3213 86.8851 x 38.21 38.8974 65.9243 19.2355 50.0001 71.4494 26.9073 47.508 41.4368 55.1544 28.018 59.5484 80.4302 48.7956 47.17 46.011 77.1039 73.546 69.6349 57.0089 57.2015 33.5262 26.9259 75.0068 66.0304 50.9903 91.5479 
103.2377 85.006 86.0059 53.1508 97.3089 87.6414 92.8494 75.0001 81.0063 78.1026 58.2581 43.3245 46.6477 101.4151 108.2313 85.5103 100.6579 95.1894 117.0044 77.2335 86.9541 17.2048 86.0059 62.626 116.7777 105.3092 50.4481 61.4004 71.8472 34.8282 119.5032 65.0539 87.2984 71.5682 9.4341 42.802 78.1858 71.5892 99.6244 113.8465 75.2397 82.6197 48.1665 42.202 68.0662 42.9536 62.2978 73.6818 129.4953 79.6493 8.2463 23.7066 64.4982 67.6019 40.1124 100.4192 74.3304 61.1311 55.3174 73.5528 81.0556 10.0001 40.8045 96.1302 12.728 60.2081 93.6057 19.4166 26.4009 105.3092 113.1593 83.4327 38.21 x 42.012 84.9589 57.4283 88.091 99.3631 59.6658 78.7719 42.4383 49.9801 10.4404 90.0778 105.9482 30.1497 83.0242 30.8059 84.2201 71.7845 83.0964 83.7258 83.3548 70.2568 64.9385 104.2018 50.0001 81.7069 117.3244 
61.7172 67.1194 68.9639 39.6233 56.9387 51.0099 50.9314 59.0763 63.6319 36.1249 19.4166 24.2075 7.2802 59.4644 66.2194 60.4402 58.7283 79.2592 77.0261 36.7152 45.6947 24.8396 46.6906 23.7698 74.9534 68.0075 8.4854 36.6743 30.0168 11.0455 77.8975 23.8538 54.1296 61.555 46.0653 10.6302 47.2653 31.0484 68.0001 72.2497 43.1046 42.9536 43.0466 11.3138 55.3174 19.8495 35.4684 52.326 88.2384 38.8974 47.508 22.5611 23.7698 33.0001 38.6265 59.034 44.7215 45.4534 35.0001 63.0318 62.6499 32.0157 15.2316 79.6493 45.3101 44.0455 63.127 22.6717 44.0455 68.0075 74.3237 48.3736 38.8974 42.012 x 44.1023 50.6064 72.2012 62.8173 37.2157 48.3736 2.8285 16.6434 39.3955 57.0352 67.231 23.1949 59.4644 19.2355 43.0814 35.1284 41.1097 47.6761 46.8723 51.6237 58.1379 68.4472 31.0645 50.09 78.2944 
18.8681 60.1665 62.394 53.9352 13.0001 46.6155 13.153 58.2496 58.8219 13.3418 26.9073 48.3012 42.5442 20.2238 28.2844 46.0653 19.2355 70.6613 33.106 7.8103 26.1726 68.2496 36.4006 22.8036 33.1211 28.2844 35.847 40.1996 22.0908 50.2097 35.0001 20.2486 56.0804 66.4832 87.115 42.4501 30.6758 29.6143 39.2047 29.411 27.6587 6.3247 62.8173 43.1857 60.2081 45.7931 37.2157 48.0522 44.5534 28.1781 89.1404 62.2897 31.0162 24.3312 64.2574 15.8115 32.7568 53.0378 45.8913 66.7534 56.9211 75.1666 54.0834 70.2354 85.2761 52.0866 38.21 66.2194 78.3902 28.2844 31.5754 49.2444 65.9243 84.9589 44.1023 x 64.2807 65.9243 25.6321 43.2898 31.9532 44.7773 47.0745 80.0563 29.7322 25.08 65.7952 47.9271 62.1692 26.4009 41.485 12.2067 18.8681 17.493 51.4783 68.0075 31.6229 63.3878 29.9667 35.1711 
81.5844 29.1205 29.6143 11.7048 71.3093 96.4625 77.1039 19.3133 25.2983 67.3648 45.6071 26.4009 57.4283 84.4809 92.542 35.4684 83.4866 38.0133 85.907 58.0087 83.0242 51.4783 89.0226 46.6906 95.5668 68.9639 52.3547 24.0833 67.9118 41.7254 95.8802 54.1296 102.0442 14.1422 52.0097 40.2245 38.4839 73.6818 54.4886 90.9561 38.8974 58.5492 9.4869 39.4082 11.7048 30.8059 27.0741 23.3453 102.3182 79.3096 55.0092 40.2493 67.7792 40.0501 17.4643 78.4475 34.5399 11.7048 19.2355 16.1246 26.0001 53.1602 64.3507 39.0513 48.0417 12.3694 48.1665 51.4297 33.2416 68.9639 79.1771 95.4621 19.2355 57.4283 50.6064 64.2807 x 31.1449 62.6499 21.0239 38.0133 53.4136 67.2013 47.17 49.3965 72.9179 65.46 32.0157 62.2014 81.3942 82.3469 71.1127 50.5965 51.2446 18.3849 8.0624 64.9 80.6103 41.5934 83.2407 
78.4475 5.8311 3.6057 35.9027 67.2682 108.2267 78.7719 13.6016 8.6024 74.4313 59.4139 50.329 77.6661 83.9346 91.4441 20.3962 82.97 7.2802 75.1666 62.6499 90.4269 80.0501 99.0203 58.0518 90.449 57.079 70.6046 35.8051 78.6004 66.31 89.0899 65.2994 115.8837 17.7201 83.0964 61.7739 35.3413 86.0524 37.4834 85.3757 38.9488 59.6155 40.0001 61.2945 20.0251 53.7123 37.6432 20.5184 92.266 89.3086 86.0931 68.6587 82.0732 47.0107 48.0105 75.7101 34.1322 28.1604 37.5767 15.8115 9.8996 82.8735 87.3213 8.0624 79.1582 29.411 33.0152 79.5551 64.3818 57.079 67.2682 108.8532 50.0001 88.091 72.2012 65.9243 31.1449 x 52.0097 34.9858 34.0148 74.9467 87.4186 78.0065 39.3193 63.0001 91.5479 18.0279 87.8466 89.694 97.0001 76.4789 47.4343 48.7033 20.5914 25.0001 51.2446 103.2474 36.0556 70.5763 
28.6532 47.0426 49.0103 55.6059 18.4392 71.6939 34.0589 49.4774 47.3815 38.8974 43.4167 57.2015 63.506 35.8051 42.0596 32.1404 35.0001 54.5895 23.7698 29.1549 50.7741 84.1725 61.4004 39.0513 38.8331 6.4032 55.7316 41.7733 47.297 65.3912 37.1215 41.0489 81.4126 59.2031 99.2976 57.3848 24.4132 55.0819 16.553 33.7344 25.4559 22.2037 65.0001 57.7755 54.4244 56.604 39.5981 40.497 40.7923 53.7123 101.7891 75.6638 55.5789 31.7649 69.3543 26.6272 28.6008 51.1078 48.8366 58.6942 45.3983 90.3384 75.5382 53.7588 96.6076 50.7741 19.1051 82.4622 86.3135 6.4032 16.553 74.6861 71.4494 99.3631 62.8173 25.6321 62.6499 52.0097 x 44.6879 24.6983 64.3274 70.0072 92.3581 13.6016 11.0455 85.907 35.3554 82.0001 51.4783 67.0523 37.5767 15.6526 16.1556 45.3101 63.3247 6.0829 87.0231 21.0951 20.5914 
60.877 29.9667 31.7649 11.1804 50.9216 77.3887 56.0804 22.0228 26.4198 46.6906 26.4198 17.0001 42.802 63.506 71.5682 26.0769 62.5141 42.0596 66.8881 37.0001 62.586 48.0001 69.2893 26.5708 75.0001 51.0883 36.0695 3.1624 48.1042 32.0157 75.6109 34.1761 83.8631 26.4198 57.3848 26.8329 20.5184 54.562 40.7064 70.5196 19.4166 37.6564 20.5914 26.4009 19.7232 19.4166 6.0829 15.5243 82.7346 59.4644 60.1665 37.1215 49.3965 19.0264 24.7589 57.7236 16.2789 10.4404 4.4722 27.4592 25.4952 52.3451 52.3547 42.4854 54.1296 9.2196 34.4385 47.0426 42.202 51.0883 60.8031 77.0261 26.9073 59.6658 37.2157 43.2898 21.0239 34.9858 44.6879 x 20.6156 39.9626 52.6309 50.9216 32.6498 54.0834 57.2801 24.0209 53.451 61.1311 64.3507 50.2495 30.887 31.3051 14.4223 25.71 48.1042 68.2643 24.0833 65.0001 
46.011 28.2313 30.4632 31.1449 35.0144 75.1666 44.9223 27.0186 26.9259 40.8045 30.6758 35.4684 51.6625 50.6361 58.421 14.8662 49.6489 39.1153 47.9271 28.8445 56.604 65.3071 65.605 27.7309 59.2116 31.0645 43.6808 18.0279 45.9675 47.2653 58.8559 33.8379 83.4387 36.1249 77.3693 40.0126 1.4143 53.8146 20.8807 54.3324 5.8311 25.6321 40.46 40.0501 30.5942 36.1387 16.553 17.0295 64.5137 56.0804 80.0563 55.3625 51.0393 16.1556 45.3432 43.0466 4.4722 26.4198 25.0001 36.014 25.0001 70.6046 63.1507 38.8331 74.3035 26.0769 15.1328 63.9532 62.8014 31.0645 41.1826 76.3676 47.508 78.7719 48.3736 31.9532 38.0133 34.0148 24.6983 20.6156 x 50.6361 60.4071 70.6825 12.0417 34.9286 71.0635 16.1246 67.0672 56.0358 65.4371 42.5442 14.0358 15.1328 21.3777 39.2939 27.5863 77.492 3.6057 45.277 
62.0082 69.8356 71.6939 42.4501 57.7063 49.0103 50.9314 61.8548 66.3703 36.0695 21.0951 27.0186 5.0001 59.3971 65.947 62.9366 58.6942 81.9879 77.8268 37.5767 44.7215 25.239 45.1222 25.3181 75.0068 69.3759 8.9444 39.3574 29.411 13.3418 78.1026 24.5968 51.7881 64.3818 47.0107 13.4537 49.4976 29.7322 70.0287 72.4708 45.277 44.0115 45.7931 14.1422 58.1379 22.6717 38.079 55.0092 88.6003 37.6963 48.3012 24.1869 22.4723 35.0572 41.2312 59.4055 47.0745 48.2702 37.8022 65.856 65.3683 32.4501 12.6492 82.3651 46.4867 46.8616 65.2764 23.0218 46.0001 69.3759 75.3924 46.1737 41.4368 42.4383 2.8285 44.7773 53.4136 74.9467 64.3274 39.9626 50.6361 x 13.8925 40.497 59.0001 68.3521 21.5871 62.0323 17.7201 42.0477 33.0152 41.0123 49.3661 48.5078 54.3784 60.9591 70.0358 28.302 52.2399 79.3096 
61.7415 82.0976 84.0537 56.0804 59.9084 37.8551 49.6489 74.6526 78.8163 35.4684 29.7322 40.8045 9.8996 57.4544 62.8014 73.8242 56.9387 94.3028 79.6995 41.1948 38.8974 33.7344 36.2354 32.9849 73.2463 74.2429 17.0001 51.6141 26.8329 26.9259 77.0261 29.0173 39.0513 77.7947 56.294 27.0186 59.1355 23.3453 78.2625 71.5892 54.7084 48.1665 59.6826 27.803 71.4214 36.4006 49.9301 67.1194 88.1193 31.1449 57.0089 36.2216 17.493 44.272 55.0365 59.6155 57.3848 61.5225 50.9314 79.1961 77.6661 40.5217 9.4341 94.5781 56.5686 60.1083 74.216 31.5754 58.421 74.2429 78.6449 34.1322 55.1544 49.9801 16.6434 47.0745 67.2013 87.4186 70.0072 52.6309 60.4071 13.8925 x 50.4877 67.0821 72.007 22.0228 73.3554 19.7232 36.0695 21.8404 39.8122 56.3206 55.2269 67.0076 74.6526 76.0001 17.2628 61.4004 82.2254 
98.7169 75.1067 76.0264 43.5661 91.924 88.2837 89.0506 65.0693 71.1127 74.6258 53.1508 35.3554 45.2218 97.6525 104.8476 76.4004 96.835 85.053 111.1981 72.2497 85.0883 17.0001 85.4401 57.315 112.6145 98.4734 47.4132 52.9246 69.3182 30.2325 114.9784 60.8031 89.1404 61.2945 7.0712 37.6432 70.2141 70.2283 91.3894 109.3436 67.6019 77.078 38.0133 36.8783 58.0001 35.8051 54.1296 64.3274 124.5232 78.1858 9.4341 17.8046 62.9683 60.8031 30.0001 95.7759 66.2119 51.4783 46.4867 63.2852 71.2532 11.7048 42.0477 86.0234 6.0829 50.6361 85.2351 19.0264 16.1246 98.4734 106.8271 84.5932 28.018 10.4404 39.3955 80.0563 47.17 78.0065 92.3581 50.9216 70.6825 40.497 50.4877 x 82.2983 99.6394 33.7344 73.7565 33.1362 82.4622 72.1804 79.6117 76.8441 76.6095 60.6713 54.5895 96.897 53.9352 73.7903 111.0406 
39.2939 34.0589 36.1249 43.1394 28.1604 75.9277 41.3402 35.9027 34.0589 41.4006 38.0527 46.9575 59.2116 45.3101 52.4977 19.0264 44.3848 42.7201 37.3632 29.6817 55.866 75.9606 65.856 34.2346 51.1567 19.6978 51.1567 30.0001 48.3736 57.4892 50.0101 38.6006 85.0001 45.6071 89.0675 49.8198 12.2067 56.4359 11.1804 46.0978 14.8662 24.0833 52.4024 50.0101 40.8535 47.17 28.302 26.9259 54.3416 57.0089 91.7062 66.4832 55.1544 24.0833 57.3848 36.688 16.4013 38.0133 37.0136 45.1222 32.0625 81.5967 71.1127 42.0596 86.0931 37.8022 8.4854 74.4649 74.8132 19.6978 30.0833 78.0065 59.5484 90.0778 57.0352 29.7322 49.3965 39.3193 13.6016 32.6498 12.0417 59.0001 67.0821 82.2983 x 24.5154 80.1562 22.0228 76.1644 55.9018 68.4764 41.7254 11.662 13.0385 31.7806 49.7696 15.6206 84.3446 8.6024 34.0148 
20.5184 58.0776 60.0334 65.1921 13.3418 67.7792 29.1549 60.4153 58.421 38.0133 48.3012 65.0693 66.7609 28.4254 33.4216 43.1857 27.803 65.3759 13.0001 31.0484 46.8189 90.0501 57.5848 43.8293 28.4606 6.7083 59.4644 51.0393 47.0001 71.3443 26.306 43.966 77.8333 70.0929 106.6678 63.2852 34.4385 54.148 26.6834 23.4095 34.67 24.3517 74.6258 63.8123 65.1461 63.8906 48.6005 51.2446 29.833 51.1958 109.0184 82.4198 56.0804 38.9488 78.4093 19.4166 38.4709 61.27 58.0087 69.6349 56.4359 96.5661 78.5876 64.4982 104.2354 60.8277 30.0168 88.1931 94.8473 6.7083 7.2112 71.4704 80.4302 105.9482 67.231 25.08 72.9179 63.0001 11.0455 54.0834 34.9286 68.3521 72.007 99.6394 24.5154 x 89.811 46.3898 86.035 48.0834 65.6202 35.3554 23.4308 23.3453 55.9733 74.0001 13.0001 88.4591 31.3848 11.4019 
82.1524 86.9771 88.6003 56.3561 78.791 58.3096 70.4558 78.0001 83.2167 55.7585 42.5794 41.2312 23.2595 78.6004 84.3861 82.2011 78.0065 98.7928 98.899 58.8728 60.877 17.4643 57.9829 46.8723 94.4035 90.9561 30.3646 57.4892 47.8018 25.2983 97.9082 45.8804 57.2714 78.3902 38.0527 31.2571 70.0287 45.277 91.0495 92.3581 66.0001 65.46 56.4005 31.4007 72.8973 37.9474 56.886 72.8012 108.7567 53.1508 38.0133 26.1726 38.9488 56.0804 49.5783 79.756 67.1864 63.5611 54.0834 80.1312 82.541 22.2037 12.728 99.3681 39.4589 62.2416 86.0059 16.1246 46.0653 90.9561 96.7989 53.7588 48.7956 30.1497 23.1949 65.7952 65.46 91.5479 85.907 57.2801 71.0635 21.5871 22.0228 33.7344 80.1562 89.811 x 80.8085 4.0001 58.0518 42.9419 60.465 70.8591 70.0358 71.1689 73.4984 91.5916 20.2238 73.0001 100.6579 
60.6713 12.3694 14.5603 30.3646 49.4976 91.0495 60.7455 14.7649 12.0417 56.8596 44.1023 41.0123 63.9767 65.9698 73.546 3.6057 65.0001 23.0218 59.034 44.9445 72.7187 72.007 81.6089 42.012 73.0617 41.0001 56.3561 23.3453 61.6199 55.7316 72.0279 48.8366 99.0859 24.5968 79.8124 49.7294 17.493 69.311 23.3239 68.0295 21.401 41.6294 38.0133 49.4774 21.2604 43.2898 24.0417 9.4869 76.1184 72.007 82.7104 61.0329 65.947 30.4796 44.9445 57.8706 16.9707 22.8474 28.018 23.7698 10.05 76.1644 74.6727 22.8036 76.2431 23.4095 17.4643 71.0635 62.7695 41.0001 51.4199 92.0218 47.17 83.0242 59.4644 47.9271 32.0157 18.0279 35.3554 24.0209 16.1246 62.0323 73.3554 73.7565 22.0228 46.3898 80.8085 x 76.9026 72.1111 80.6599 58.6687 29.411 30.6758 13.8925 30.0001 35.7352 89.9612 18.0279 55.0819 
78.7719 83.2167 84.8647 52.8395 75.1533 56.9211 67.2013 74.3237 79.4797 52.431 38.6395 37.5767 19.7232 75.4322 81.3942 78.2625 74.8132 95.079 95.2734 55.1544 58.2581 16.2789 55.9465 42.9536 91.2141 87.092 26.5708 53.6005 44.6879 21.5408 94.6257 42.1546 56.5686 74.9467 38.0527 27.2948 66.0304 42.6381 87.0518 89.0506 62.0001 61.6848 53.2636 27.4592 69.3543 34.1761 52.9529 68.9639 105.3946 50.6064 38.3276 23.6009 36.0695 52.0866 46.6691 76.3218 63.1982 59.9334 50.329 76.6617 78.7719 22.0228 10.2957 95.6348 39.0513 58.6004 82.0062 14.5603 44.3848 87.092 93.0485 52.6309 46.011 30.8059 19.2355 62.1692 62.2014 87.8466 82.0001 53.451 67.0672 17.7201 19.7232 33.1362 76.1644 86.035 4.0001 76.9026 x 55.4438 41.2312 57.2015 66.9105 66.0985 67.4167 70.2141 87.6642 21.1897 69.0001 96.9331 
31.0001 83.8631 86.0931 69.8714 34.7852 20.2486 19.2355 80.1125 81.8842 15.2644 36.1249 59.0086 37.59 24.3312 27.7309 70.8026 24.1869 95.1316 51.0393 27.203 2.8285 67.1194 10.0001 34.7132 39.2174 52.9246 35.4402 58.5236 14.0358 53.1602 43.6808 27.2948 29.9667 86.9771 89.0506 47.6761 54.6444 12.8063 65.605 38.8331 50.7741 31.8278 77.2335 48.6622 80.3244 55.0819 55.6598 70.2141 55.0819 5.0001 90.3384 65.46 19.7232 43.4627 76.0264 30.1497 55.5699 71.5682 62.1692 87.6642 80.1312 74.3035 45.3432 94.8684 88.3913 70.3421 64.3818 64.8846 85.907 52.9246 52.9529 23.4095 77.1039 84.2201 43.0814 26.4009 81.3942 89.694 51.4783 61.1311 56.0358 42.0477 36.0695 82.4622 55.9018 48.0834 58.0518 72.1111 55.4438 x 19.647 14.2128 44.5534 43.1394 72.6155 86.8333 57.2452 47.8854 54.818 55.4438 
50.2495 91.2854 93.4346 70.6825 52.3451 16.1246 38.0527 85.6038 88.6173 28.1604 38.0133 56.9211 28.018 43.9319 47.17 80.1562 43.738 103.2474 70.0644 38.9103 22.136 55.5429 15.5564 38.9488 58.8219 69.6349 30.3646 62.4261 20.1247 46.1737 63.3247 31.8278 19.6978 90.736 78.1026 43.4167 64.0313 12.0831 79.1582 58.4638 59.6658 45.3101 76.2169 44.3848 84.0596 52.4977 60.0001 76.5769 74.7263 15.1328 78.8481 57.0352 15.0001 50.2097 73.0069 49.0409 63.7025 74.4313 64.0079 91.8097 87.115 62.3619 31.0162 103.2377 78.2625 73.0617 76.6617 53.3668 79.0064 69.6349 71.1759 13.3418 73.546 71.7845 35.1284 41.485 82.3469 97.0001 67.0523 64.3507 65.4371 33.0152 21.8404 72.1804 68.4764 65.6202 42.9419 80.6599 41.2312 19.647 x 30.2656 56.8244 55.4708 77.8011 89.0057 73.0822 29.2063 65.2151 74.0271 
21.9318 70.6613 72.8973 60.0001 22.0908 34.4094 10.0001 67.6758 68.9421 5.0001 28.1604 51.4199 37.6432 18.3849 25.239 57.1403 17.6919 81.6334 40.608 13.9285 14.2128 65.947 24.2075 25.3181 34.0589 39.5602 32.6498 47.3815 13.0001 49.3965 37.4434 19.3133 43.9091 75.1865 86.5333 42.4854 41.1826 19.0264 51.4005 31.9062 37.5767 17.6919 68.1837 43.3821 68.6587 48.0834 44.4073 57.5848 48.3736 16.1556 88.2327 61.9113 22.4723 31.5754 68.2496 19.925 42.5442 60.5311 52.0097 75.6903 67.1194 73.1096 48.0209 81.302 85.2351 59.4139 50.2097 63.781 80.4115 39.5602 41.0123 37.1215 69.6349 83.0964 41.1097 12.2067 71.1127 76.4789 37.5767 50.2495 42.5442 41.0123 39.8122 79.6117 41.7254 35.3554 60.465 58.6687 57.2015 14.2128 30.2656 x 30.4796 29.069 60.4402 75.8025 43.4627 54.818 41.0489 44.0455 
32.0001 41.7613 43.966 42.0596 21.0951 64.4439 31.3848 41.0489 40.7923 29.833 28.2844 41.8689 49.0103 36.6743 44.4073 27.3131 35.6932 51.8942 36.0556 18.0279 44.6879 68.5421 54.4519 24.0833 45.3983 21.6334 41.0489 27.785 36.7152 49.7696 45.3543 27.4592 73.4099 50.0401 83.8154 41.7853 13.0001 44.7773 22.4723 40.608 11.7048 12.8063 51.4783 42.1546 44.2833 41.0489 25.239 31.0001 51.8942 45.4534 86.2671 60.0334 43.6579 16.1246 55.0001 29.0173 16.2789 38.8974 34.67 50.0001 38.8331 74.6861 61.0329 51.4297 81.2159 38.2754 20.0001 66.8507 71.4494 21.6334 30.4139 66.4004 57.0089 83.7258 47.6761 18.8681 50.5965 47.4343 15.6526 30.887 14.0358 49.3661 56.3206 76.8441 11.662 23.4308 70.8591 29.411 66.9105 44.5534 56.8244 30.4796 x 1.4143 35.1284 52.7732 20.8807 73.5528 11.4019 34.6555 
31.0162 43.0117 45.2218 42.4854 20.2238 63.0318 30.0833 42.1071 41.9763 28.4254 27.4592 41.7733 48.0417 35.5107 43.2898 28.6357 34.5255 53.226 35.8051 16.6434 43.2783 68.0295 53.0378 23.1949 44.5534 21.9546 40.1124 28.1781 35.3554 49.2444 44.6431 26.306 72.007 51.0099 83.6003 41.2312 14.0358 43.4167 23.7698 39.8122 12.3694 11.4019 51.8846 41.6294 45.1775 40.8045 25.554 32.0157 51.4297 44.0455 86.0234 59.6826 42.3793 15.8115 55.2179 28.0001 17.1173 39.5602 34.9858 51.0099 40.0251 74.2429 60.0751 52.7732 81.0556 38.8974 21.401 66.31 71.5053 21.9546 30.4139 65.0001 57.2015 83.3548 46.8723 17.493 51.2446 48.7033 16.1556 31.3051 15.1328 48.5078 55.2269 76.6095 13.0385 23.3453 70.0358 30.6758 66.0985 43.1394 55.4708 29.069 1.4143 x 36.0556 53.6005 21.5871 72.4432 12.6492 34.6555 
67.0672 15.8115 17.4643 17.1173 56.2229 90.0501 64.6298 7.8103 12.0831 57.5848 39.8247 30.0833 57.2015 71.1127 79.057 17.2048 70.1143 27.7309 68.9494 46.5726 73.7361 60.5311 81.3942 39.1153 80.5048 51.4783 50.329 15.5564 60.4153 45.8804 80.231 46.6477 97.0825 15.0334 66.4907 41.1826 22.2037 67.4167 36.1249 75.6638 24.0209 45.277 24.1662 40.7064 9.2196 33.2416 17.8046 5.0001 85.7264 71.5543 69.4263 49.2545 62.8014 29.1549 31.321 64.0313 19.0001 9.2196 17.0881 15.2972 11.4019 64.0313 66.7309 28.2313 62.8173 10.05 29.833 59.8416 49.0409 51.4783 61.8467 90.1389 33.5262 70.2568 51.6237 51.4783 18.3849 20.5914 45.3101 14.4223 21.3777 54.3784 67.0076 60.6713 31.7806 55.9733 71.1689 13.8925 67.4167 72.6155 77.8011 60.4402 35.1284 36.0556 x 18.0279 47.0107 82.6802 24.7387 65.7952 
84.4809 24.1869 24.1662 18.6012 73.8242 102.6938 81.0556 15.5564 20.8088 72.3672 51.6237 33.9707 64.8152 88.0228 96.047 33.6007 87.0231 31.4007 86.9771 62.2897 88.2951 59.5064 94.8684 52.2016 98.153 69.4623 59.3634 28.443 73.6818 49.5783 98.0613 59.7747 108.6739 7.2802 59.0763 47.6341 40.0251 79.85 53.2542 93.381 41.3039 62.0082 17.4643 46.8616 8.9444 38.2885 31.4007 22.8474 103.7402 85.0707 62.0726 48.3012 74.2497 44.2833 25.2983 81.3942 36.4967 15.2972 25.08 9.2196 22.0228 61.0329 72.1389 32.5577 55.0365 16.4925 47.17 59.4812 40.0001 69.4623 79.85 101.9805 26.9259 64.9385 58.1379 68.0075 8.0624 25.0001 63.3247 25.71 39.2939 60.9591 74.6526 54.5895 49.7696 74.0001 73.4984 30.0001 70.2141 86.8333 89.0057 75.8025 52.7732 53.6005 18.0279 x 64.8461 88.4139 42.7201 83.7736 
32.8025 46.6906 48.5078 58.7283 23.4308 77.4146 39.4082 50.329 47.5396 44.9223 49.0307 61.5874 69.3543 40.361 46.0436 32.2801 39.6233 53.0378 24.0001 35.2279 56.4359 89.3198 67.1194 44.7215 41.4368 6.3247 61.5225 45.3432 53.3668 70.5763 39.0513 47.0107 87.2068 60.1665 103.7739 62.626 27.5863 61.1311 14.0358 36.4006 29.411 28.2844 68.0148 62.9683 55.9018 61.2945 43.4167 42.0596 41.0489 59.6155 106.3298 80.4985 61.6605 36.7697 72.863 31.1449 31.8278 53.6005 52.4024 59.4644 45.6071 95.3416 81.3942 52.0866 100.9555 53.4136 18.4392 87.6642 90.1389 6.3247 16.0313 80.5296 75.0068 104.2018 68.4472 31.6229 64.9 51.2446 6.0829 48.1042 27.5863 70.0358 76.0001 96.897 15.6206 13.0001 91.5916 35.7352 87.6642 57.2452 73.0822 43.4627 20.8807 21.5871 47.0107 64.8461 x 93.0485 24.0417 19.4166 
76.5377 98.1123 99.9851 70.1784 75.954 42.202 64.1951 90.1389 94.6679 50.9903 46.8403 54.562 26.0001 71.3093 75.5911 90.6202 70.9367 110.277 95.3416 58.0087 50.6064 37.3632 44.6879 50.2196 86.816 91.0495 33.8379 67.6019 41.9763 38.8974 91.0001 46.1737 39.0001 92.3148 58.2152 41.6174 76.2431 36.4006 95.525 85.7964 71.8402 65.0078 72.2497 42.202 86.2149 50.4481 66.1892 83.2407 102.3182 42.9419 58.0346 44.2946 32.5577 61.4004 66.4004 74.7263 74.3304 76.4004 66.0304 93.8617 93.6484 42.4265 16.2789 110.6392 59.6826 75.0001 91.4441 35.7352 65.5516 91.0495 94.8948 36.8918 66.0304 50.0001 31.0645 63.3878 80.6103 103.2474 87.0231 68.2643 77.492 28.302 17.2628 53.9352 84.3446 88.4591 20.2238 89.9612 21.1897 47.8854 29.2063 54.818 73.5528 72.4432 82.6802 88.4139 93.0485 x 78.5876 98.3108 
43.1046 30.3646 32.5731 34.7132 32.0157 74.2766 42.7201 30.0168 29.428 39.699 31.7806 38.4839 52.9529 48.0522 55.7316 16.1246 47.0745 40.7064 44.3848 27.6587 55.2179 67.9118 64.5369 28.4606 56.0804 27.4592 44.9111 21.401 45.4534 49.6489 55.5789 34.0001 82.8071 39.3193 80.5296 42.1901 3.6057 53.4136 18.2484 51.1567 7.0001 23.7066 44.0455 42.2967 33.956 38.8974 19.7232 20.2238 61.0329 55.1726 83.1866 58.1894 51.1078 17.2628 48.8366 40.1996 7.8103 30.0168 28.4254 39.1153 27.4592 73.3758 64.6298 40.3114 77.5243 29.6817 13.0385 66.4907 66.2194 27.4592 37.59 75.7431 50.9903 81.7069 50.09 29.9667 41.5934 36.0556 21.0951 24.0833 3.6057 52.2399 61.4004 73.7903 8.6024 31.3848 73.0001 18.0279 69.0001 54.818 65.2151 41.0489 11.4019 12.6492 24.7387 42.7201 24.0417 78.5876 x 41.6774 
25.0001 66.0985 67.8971 76.0264 22.3608 74.216 36.2216 69.5702 66.9404 47.3815 59.54 76.42 77.492 32.8939 35.5107 51.6625 32.5731 72.0279 6.4032 41.7853 53.7588 101.3559 64.3274 55.0728 26.9073 14.3179 70.3848 62.0082 56.4359 82.6802 23.0218 54.7815 84.4039 79.3789 118.0679 74.6258 44.9445 63.0715 33.1362 22.6717 45.6071 35.3413 85.446 75.1666 74.8466 75.2862 59.6658 60.9263 22.0908 59.1355 120.4202 93.8137 65.7648 50.329 89.4987 25.3181 49.0919 71.6939 69.0291 78.7465 65.0001 107.9121 89.1853 71.0071 115.6245 71.3443 37.8551 99.4787 106.1038 14.3179 4.2427 78.4475 91.5479 117.3244 78.2944 35.1711 83.2407 70.5763 20.5914 65.0001 45.277 79.3096 82.2254 111.0406 34.0148 11.4019 100.6579 55.0819 96.9331 55.4438 74.0271 44.0455 34.6555 34.6555 65.7952 83.7736 19.4166 98.3108 41.6774 x 
